1520565611,eth0,0.00,0.00,0.00,0,0,0.00,0.00,0.00,0,0,0.00,0.00,0,0
1520565611,eth1,0.00,0.00,0.00,0,0,0.00,0.00,0.00,0,0,0.00,0.00,0,0
1520565611,s2,0.00,0.00,0.00,0,0,0.00,0.00,0.00,0,0,0.00,0.00,0,0
1520565611,s2-eth2,0.00,0.00,0.00,0,0,0.00,0.00,0.00,0,0,0.00,0.00,0,0
1520565611,s2-eth1,0.00,0.00,0.00,0,0,0.00,0.00,0.00,0,0,0.00,0.00,0,0
1520565611,lo,0.00,0.00,0.00,0,0,0.00,0.00,0.00,0,0,0.00,0.00,0,0
1520565611,total,0.00,0.00,0.00,0,0,0.00,0.00,0.00,0,0,0.00,0.00,0,0
1520565612,eth0,191.62,284.43,476.05,285,192,2.00,2.00,3.99,2,2,0.00,0.00,0,0
1520565612,eth1,0.00,0.00,0.00,0,0,0.00,0.00,0.00,0,0,0.00,0.00,0,0
1520565612,s2,89.82,179.64,269.46,180,90,1.00,2.00,2.99,2,1,0.00,0.00,0,0
1520565612,s2-eth2,6011.98,325259.50,331271.47,325910,6024,85.83,110.78,196.61,111,86,0.00,0.00,0,0
1520565612,s2-eth1,242898.20,5491.02,248389.23,5502,243384,87.82,82.83,170.66,83,88,0.00,0.00,0,0
1520565612,lo,1202.59,1202.59,2405.19,1205,1205,12.97,12.97,25.95,13,13,0.00,0.00,0,0
1520565612,total,250394.22,332417.19,582811.38,333082,250895,189.62,210.58,400.20,211,190,0.00,0.00,0,0
1520565613,eth0,0.00,345.00,345.00,345,0,0.00,3.00,3.00,3,0,0.00,0.00,0,0
1520565613,eth1,0.00,0.00,0.00,0,0,0.00,0.00,0.00,0,0,0.00,0.00,0,0
1520565613,s2,0.00,0.00,0.00,0,0,0.00,0.00,0.00,0,0,0.00,0.00,0,0
1520565613,s2-eth2,7152.00,205504.00,212656.00,205504,7152,94.00,108.00,202.00,108,94,0.00,0.00,0,0
1520565613,s2-eth1,245886.00,7152.00,253038.00,7152,245886,101.00,94.00,195.00,94,101,0.00,0.00,0,0
1520565613,lo,217.00,217.00,434.00,217,217,2.00,2.00,4.00,2,2,0.00,0.00,0,0
1520565613,total,253255.00,213218.00,466473.00,213218,253255,197.00,207.00,404.00,207,197,0.00,0.00,0,0
1520565614,eth0,0.00,59.94,59.94,60,0,0.00,1.00,1.00,1,0,0.00,0.00,0,0
1520565614,eth1,0.00,0.00,0.00,0,0,0.00,0.00,0.00,0,0,0.00,0.00,0,0
1520565614,s2,0.00,0.00,0.00,0,0,0.00,0.00,0.00,0,0,0.00,0.00,0,0
1520565614,s2-eth2,10207.58,222764.48,232972.06,223210,10228,131.74,112.77,244.51,113,132,0.00,0.00,0,0
1520565614,s2-eth1,247467.08,10207.58,257674.66,10228,247962,136.73,131.74,268.46,132,137,0.00,0.00,0,0
1520565614,lo,0.00,0.00,0.00,0,0,0.00,0.00,0.00,0,0,0.00,0.00,0,0
1520565614,total,257674.66,233031.94,490706.59,233498,258190,268.46,245.51,513.97,246,269,0.00,0.00,0,0
1520565615,eth0,0.00,120.00,120.00,120,0,0.00,2.00,2.00,2,0,0.00,0.00,0,0
1520565615,eth1,0.00,0.00,0.00,0,0,0.00,0.00,0.00,0,0,0.00,0.00,0,0
1520565615,s2,70.00,140.00,210.00,140,70,1.00,2.00,3.00,2,1,0.00,0.00,0,0
1520565615,s2-eth2,8356.00,216762.00,225118.00,216762,8356,112.00,103.00,215.00,103,112,0.00,0.00,0,0
1520565615,s2-eth1,247900.00,8216.00,256116.00,8216,247900,114.00,110.00,224.00,110,114,0.00,0.00,0,0
1520565615,lo,804.00,804.00,1608.00,804,804,9.00,9.00,18.00,9,9,0.00,0.00,0,0
1520565615,total,257130.00,226042.00,483172.00,226042,257130,236.00,226.00,462.00,226,236,0.00,0.00,0,0
1520565616,eth0,0.00,0.00,0.00,0,0,0.00,0.00,0.00,0,0,0.00,0.00,0,0
1520565616,eth1,0.00,0.00,0.00,0,0,0.00,0.00,0.00,0,0,0.00,0.00,0,0
1520565616,s2,0.00,0.00,0.00,0,0,0.00,0.00,0.00,0,0,0.00,0.00,0,0
1520565616,s2-eth2,8866.00,225578.00,234444.00,225578,8866,115.00,105.00,220.00,105,115,0.00,0.00,0,0
1520565616,s2-eth1,225780.00,8524.00,234304.00,8524,225780,108.00,114.00,222.00,114,108,0.00,0.00,0,0
1520565616,lo,0.00,0.00,0.00,0,0,0.00,0.00,0.00,0,0,0.00,0.00,0,0
1520565616,total,234646.00,234102.00,468748.00,234102,234646,223.00,219.00,442.00,219,223,0.00,0.00,0,0
1520565617,eth0,0.00,0.00,0.00,0,0,0.00,0.00,0.00,0,0,0.00,0.00,0,0
1520565617,eth1,0.00,0.00,0.00,0,0,0.00,0.00,0.00,0,0,0.00,0.00,0,0
1520565617,s2,0.00,0.00,0.00,0,0,0.00,0.00,0.00,0,0,0.00,0.00,0,0
1520565617,s2-eth2,3816.00,106042.00,109858.00,106042,3816,54.00,49.00,103.00,49,54,0.00,0.00,0,0
1520565617,s2-eth1,106240.00,3816.00,110056.00,3816,106240,52.00,54.00,106.00,54,52,0.00,0.00,0,0
1520565617,lo,0.00,0.00,0.00,0,0,0.00,0.00,0.00,0,0,0.00,0.00,0,0
1520565617,total,110056.00,109858.00,219914.00,109858,110056,106.00,103.00,209.00,103,106,0.00,0.00,0,0
1520565618,eth0,0.00,60.00,60.00,60,0,0.00,1.00,1.00,1,0,0.00,0.00,0,0
1520565618,eth1,0.00,0.00,0.00,0,0,0.00,0.00,0.00,0,0,0.00,0.00,0,0
1520565618,s2,0.00,0.00,0.00,0,0,0.00,0.00,0.00,0,0,0.00,0.00,0,0
1520565618,s2-eth2,2520.00,100708.00,103228.00,100708,2520,34.00,34.00,68.00,34,34,0.00,0.00,0,0
1520565618,s2-eth1,97746.00,2178.00,99924.00,2178,97746,33.00,33.00,66.00,33,33,0.00,0.00,0,0
1520565618,lo,0.00,0.00,0.00,0,0,0.00,0.00,0.00,0,0,0.00,0.00,0,0
1520565618,total,100266.00,102946.00,203212.00,102946,100266,67.00,68.00,135.00,68,67,0.00,0.00,0,0
1520565619,eth0,0.00,60.00,60.00,60,0,0.00,1.00,1.00,1,0,0.00,0.00,0,0
1520565619,eth1,0.00,0.00,0.00,0,0,0.00,0.00,0.00,0,0,0.00,0.00,0,0
1520565619,s2,70.00,140.00,210.00,140,70,1.00,2.00,3.00,2,1,0.00,0.00,0,0
1520565619,s2-eth2,2784.00,115588.00,118372.00,115588,2784,42.00,40.00,82.00,40,42,0.00,0.00,0,0
1520565619,s2-eth1,112696.00,2710.00,115406.00,2710,112696,40.00,41.00,81.00,41,40,0.00,0.00,0,0
1520565619,lo,804.00,804.00,1608.00,804,804,9.00,9.00,18.00,9,9,0.00,0.00,0,0
1520565619,total,116354.00,119302.00,235656.00,119302,116354,92.00,93.00,185.00,93,92,0.00,0.00,0,0
1520565620,eth0,0.00,60.00,60.00,60,0,0.00,1.00,1.00,1,0,0.00,0.00,0,0
1520565620,eth1,0.00,0.00,0.00,0,0,0.00,0.00,0.00,0,0,0.00,0.00,0,0
1520565620,s2,0.00,0.00,0.00,0,0,0.00,0.00,0.00,0,0,0.00,0.00,0,0
1520565620,s2-eth2,2442.00,80568.00,83010.00,80568,2442,35.00,36.00,71.00,36,35,0.00,0.00,0,0
1520565620,s2-eth1,80980.00,2376.00,83356.00,2376,80980,38.00,34.00,72.00,34,38,0.00,0.00,0,0
1520565620,lo,0.00,0.00,0.00,0,0,0.00,0.00,0.00,0,0,0.00,0.00,0,0
1520565620,total,83422.00,83004.00,166426.00,83004,83422,73.00,71.00,144.00,71,73,0.00,0.00,0,0
1520565621,eth0,0.00,180.00,180.00,180,0,0.00,3.00,3.00,3,0,0.00,0.00,0,0
1520565621,eth1,0.00,0.00,0.00,0,0,0.00,0.00,0.00,0,0,0.00,0.00,0,0
1520565621,s2,0.00,0.00,0.00,0,0,0.00,0.00,0.00,0,0,0.00,0.00,0,0
1520565621,s2-eth2,1782.00,82936.00,84718.00,82936,1782,27.00,28.00,55.00,28,27,0.00,0.00,0,0
1520565621,s2-eth1,79974.00,1782.00,81756.00,1782,79974,27.00,27.00,54.00,27,27,0.00,0.00,0,0
1520565621,lo,0.00,0.00,0.00,0,0,0.00,0.00,0.00,0,0,0.00,0.00,0,0
1520565621,total,81756.00,84898.00,166654.00,84898,81756,54.00,58.00,112.00,58,54,0.00,0.00,0,0
1520565622,eth0,0.00,250.00,250.00,250,0,0.00,2.00,2.00,2,0,0.00,0.00,0,0
1520565622,eth1,0.00,0.00,0.00,0,0,0.00,0.00,0.00,0,0,0.00,0.00,0,0
1520565622,s2,0.00,0.00,0.00,0,0,0.00,0.00,0.00,0,0,0.00,0.00,0,0
1520565622,s2-eth2,1908.00,83200.00,85108.00,83200,1908,28.00,32.00,60.00,32,28,0.00,0.00,0,0
1520565622,s2-eth1,81620.00,1986.00,83606.00,1986,81620,30.00,29.00,59.00,29,30,0.00,0.00,0,0
1520565622,lo,0.00,0.00,0.00,0,0,0.00,0.00,0.00,0,0,0.00,0.00,0,0
1520565622,total,83528.00,85436.00,168964.00,85436,83528,58.00,63.00,121.00,63,58,0.00,0.00,0,0
1520565623,eth0,0.00,60.00,60.00,60,0,0.00,1.00,1.00,1,0,0.00,0.00,0,0
1520565623,eth1,0.00,0.00,0.00,0,0,0.00,0.00,0.00,0,0,0.00,0.00,0,0
1520565623,s2,0.00,0.00,0.00,0,0,0.00,0.00,0.00,0,0,0.00,0.00,0,0
1520565623,s2-eth2,1522.00,41798.00,43320.00,41798,1522,21.00,19.00,40.00,19,21,0.00,0.00,0,0
1520565623,s2-eth1,40350.00,1444.00,41794.00,1444,40350,19.00,20.00,39.00,20,19,0.00,0.00,0,0
1520565623,lo,172.00,172.00,344.00,172,172,3.00,3.00,6.00,3,3,0.00,0.00,0,0
1520565623,total,42044.00,43474.00,85518.00,43474,42044,43.00,43.00,86.00,43,43,0.00,0.00,0,0
1520565624,eth0,0.00,0.00,0.00,0,0,0.00,0.00,0.00,0,0,0.00,0.00,0,0
1520565624,eth1,0.00,0.00,0.00,0,0,0.00,0.00,0.00,0,0,0.00,0.00,0,0
1520565624,s2,0.00,0.00,0.00,0,0,0.00,0.00,0.00,0,0,0.00,0.00,0,0
1520565624,s2-eth2,1188.00,59240.00,60428.00,59240,1188,18.00,20.00,38.00,20,18,0.00,0.00,0,0
1520565624,s2-eth1,53316.00,1188.00,54504.00,1188,53316,18.00,18.00,36.00,18,18,0.00,0.00,0,0
1520565624,lo,0.00,0.00,0.00,0,0,0.00,0.00,0.00,0,0,0.00,0.00,0,0
1520565624,total,54504.00,60428.00,114932.00,60428,54504,36.00,38.00,74.00,38,36,0.00,0.00,0,0
1520565625,eth0,0.00,60.00,60.00,60,0,0.00,1.00,1.00,1,0,0.00,0.00,0,0
1520565625,eth1,0.00,0.00,0.00,0,0,0.00,0.00,0.00,0,0,0.00,0.00,0,0
1520565625,s2,0.00,0.00,0.00,0,0,0.00,0.00,0.00,0,0,0.00,0.00,0,0
1520565625,s2-eth2,1368.00,62334.00,63702.00,62334,1368,20.00,23.00,43.00,23,20,0.00,0.00,0,0
1520565625,s2-eth1,68258.00,1368.00,69626.00,1368,68258,25.00,20.00,45.00,20,25,0.00,0.00,0,0
1520565625,lo,0.00,0.00,0.00,0,0,0.00,0.00,0.00,0,0,0.00,0.00,0,0
1520565625,total,69626.00,63762.00,133388.00,63762,69626,45.00,44.00,89.00,44,45,0.00,0.00,0,0
1520565626,eth0,0.00,60.00,60.00,60,0,0.00,1.00,1.00,1,0,0.00,0.00,0,0
1520565626,eth1,0.00,0.00,0.00,0,0,0.00,0.00,0.00,0,0,0.00,0.00,0,0
1520565626,s2,0.00,0.00,0.00,0,0,0.00,0.00,0.00,0,0,0.00,0.00,0,0
1520565626,s2-eth2,1986.00,69772.00,71758.00,69772,1986,25.00,26.00,51.00,26,25,0.00,0.00,0,0
1520565626,s2-eth1,56410.00,1644.00,58054.00,1644,56410,21.00,24.00,45.00,24,21,0.00,0.00,0,0
1520565626,lo,0.00,0.00,0.00,0,0,0.00,0.00,0.00,0,0,0.00,0.00,0,0
1520565626,total,58396.00,71476.00,129872.00,71476,58396,46.00,51.00,97.00,51,46,0.00,0.00,0,0
1520565627,eth0,0.00,60.00,60.00,60,0,0.00,1.00,1.00,1,0,0.00,0.00,0,0
1520565627,eth1,0.00,0.00,0.00,0,0,0.00,0.00,0.00,0,0,0.00,0.00,0,0
1520565627,s2,0.00,0.00,0.00,0,0,0.00,0.00,0.00,0,0,0.00,0.00,0,0
1520565627,s2-eth2,1488.00,66744.00,68232.00,66744,1488,22.00,24.00,46.00,24,22,0.00,0.00,0,0
1520565627,s2-eth1,74182.00,1488.00,75670.00,1488,74182,27.00,22.00,49.00,22,27,0.00,0.00,0,0
1520565627,lo,0.00,0.00,0.00,0,0,0.00,0.00,0.00,0,0,0.00,0.00,0,0
1520565627,total,75670.00,68292.00,143962.00,68292,75670,49.00,47.00,96.00,47,49,0.00,0.00,0,0
1520565628,eth0,0.00,0.00,0.00,0,0,0.00,0.00,0.00,0,0,0.00,0.00,0,0
1520565628,eth1,0.00,0.00,0.00,0,0,0.00,0.00,0.00,0,0,0.00,0.00,0,0
1520565628,s2,0.00,0.00,0.00,0,0,0.00,0.00,0.00,0,0,0.00,0.00,0,0
1520565628,s2-eth2,1780.22,82853.15,84633.37,82936,1782,26.97,27.97,54.95,28,27,0.00,0.00,0,0
1520565628,s2-eth1,71016.98,1780.22,72797.20,1782,71088,23.98,26.97,50.95,27,24,0.00,0.00,0,0
1520565628,lo,171.83,171.83,343.66,172,172,3.00,3.00,5.99,3,3,0.00,0.00,0,0
1520565628,total,72969.03,84805.20,157774.23,84890,73042,53.95,57.94,111.89,58,54,0.00,0.00,0,0
1520565629,eth0,0.00,60.00,60.00,60,0,0.00,1.00,1.00,1,0,0.00,0.00,0,0
1520565629,eth1,0.00,0.00,0.00,0,0,0.00,0.00,0.00,0,0,0.00,0.00,0,0
1520565629,s2,0.00,0.00,0.00,0,0,0.00,0.00,0.00,0,0,0.00,0.00,0,0
1520565629,s2-eth2,1650.00,82936.00,84586.00,82936,1650,25.00,28.00,53.00,28,25,0.00,0.00,0,0
1520565629,s2-eth1,95126.00,1650.00,96776.00,1650,95126,33.00,25.00,58.00,25,33,0.00,0.00,0,0
1520565629,lo,0.00,0.00,0.00,0,0,0.00,0.00,0.00,0,0,0.00,0.00,0,0
1520565629,total,96776.00,84646.00,181422.00,84646,96776,58.00,54.00,112.00,54,58,0.00,0.00,0,0
1520565630,eth0,0.00,60.00,60.00,60,0,0.00,1.00,1.00,1,0,0.00,0.00,0,0
1520565630,eth1,0.00,0.00,0.00,0,0,0.00,0.00,0.00,0,0,0.00,0.00,0,0
1520565630,s2,0.00,0.00,0.00,0,0,0.00,0.00,0.00,0,0,0.00,0.00,0,0
1520565630,s2-eth2,2478.00,109726.00,112204.00,109726,2478,37.00,39.00,76.00,39,37,0.00,0.00,0,0
1520565630,s2-eth1,94784.00,2478.00,97262.00,2478,94784,32.00,37.00,69.00,37,32,0.00,0.00,0,0
1520565630,lo,0.00,0.00,0.00,0,0,0.00,0.00,0.00,0,0,0.00,0.00,0,0
1520565630,total,97262.00,112264.00,209526.00,112264,97262,69.00,77.00,146.00,77,69,0.00,0.00,0,0
1520565631,eth0,0.00,60.00,60.00,60,0,0.00,1.00,1.00,1,0,0.00,0.00,0,0
1520565631,eth1,0.00,0.00,0.00,0,0,0.00,0.00,0.00,0,0,0.00,0.00,0,0
1520565631,s2,0.00,0.00,0.00,0,0,0.00,0.00,0.00,0,0,0.00,0.00,0,0
1520565631,s2-eth2,2160.00,91888.00,94048.00,91888,2160,32.00,32.00,64.00,32,32,0.00,0.00,0,0
1520565631,s2-eth1,103868.00,2160.00,106028.00,2160,103868,38.00,32.00,70.00,32,38,0.00,0.00,0,0
1520565631,lo,0.00,0.00,0.00,0,0,0.00,0.00,0.00,0,0,0.00,0.00,0,0
1520565631,total,106028.00,94108.00,200136.00,94108,106028,70.00,65.00,135.00,65,70,0.00,0.00,0,0
1520565632,eth0,0.00,60.00,60.00,60,0,0.00,1.00,1.00,1,0,0.00,0.00,0,0
1520565632,eth1,0.00,0.00,0.00,0,0,0.00,0.00,0.00,0,0,0.00,0.00,0,0
1520565632,s2,0.00,0.00,0.00,0,0,0.00,0.00,0.00,0,0,0.00,0.00,0,0
1520565632,s2-eth2,2706.00,124404.00,127110.00,124404,2706,41.00,42.00,83.00,42,41,0.00,0.00,0,0
1520565632,s2-eth1,106632.00,2706.00,109338.00,2706,106632,36.00,41.00,77.00,41,36,0.00,0.00,0,0
1520565632,lo,0.00,0.00,0.00,0,0,0.00,0.00,0.00,0,0,0.00,0.00,0,0
1520565632,total,109338.00,127170.00,236508.00,127170,109338,77.00,84.00,161.00,84,77,0.00,0.00,0,0
1520565633,eth0,0.00,60.00,60.00,60,0,0.00,1.00,1.00,1,0,0.00,0.00,0,0
1520565633,eth1,0.00,0.00,0.00,0,0,0.00,0.00,0.00,0,0,0.00,0.00,0,0
1520565633,s2,0.00,0.00,0.00,0,0,0.00,0.00,0.00,0,0,0.00,0.00,0,0
1520565633,s2-eth2,2310.00,106632.00,108942.00,106632,2310,35.00,36.00,71.00,36,35,0.00,0.00,0,0
1520565633,s2-eth1,124404.00,2310.00,126714.00,2310,124404,42.00,35.00,77.00,35,42,0.00,0.00,0,0
1520565633,lo,172.00,172.00,344.00,172,172,3.00,3.00,6.00,3,3,0.00,0.00,0,0
1520565633,total,126886.00,109174.00,236060.00,109174,126886,80.00,75.00,155.00,75,80,0.00,0.00,0,0
1520565634,eth0,0.00,60.00,60.00,60,0,0.00,1.00,1.00,1,0,0.00,0.00,0,0
1520565634,eth1,0.00,0.00,0.00,0,0,0.00,0.00,0.00,0,0,0.00,0.00,0,0
1520565634,s2,0.00,0.00,0.00,0,0,0.00,0.00,0.00,0,0,0.00,0.00,0,0
1520565634,s2-eth2,2862.00,101236.00,104098.00,101236,2862,41.00,42.00,83.00,42,41,0.00,0.00,0,0
1520565634,s2-eth1,89322.00,2862.00,92184.00,2862,89322,37.00,41.00,78.00,41,37,0.00,0.00,0,0
1520565634,lo,0.00,0.00,0.00,0,0,0.00,0.00,0.00,0,0,0.00,0.00,0,0
1520565634,total,92184.00,104158.00,196342.00,104158,92184,78.00,84.00,162.00,84,78,0.00,0.00,0,0
1520565635,eth0,0.00,0.00,0.00,0,0,0.00,0.00,0.00,0,0,0.00,0.00,0,0
1520565635,eth1,0.00,0.00,0.00,0,0,0.00,0.00,0.00,0,0,0.00,0.00,0,0
1520565635,s2,0.00,0.00,0.00,0,0,0.00,0.00,0.00,0,0,0.00,0.00,0,0
1520565635,s2-eth2,2043.96,94689.31,96733.27,94784,2046,30.97,31.97,62.94,32,31,0.00,0.00,0,0
1520565635,s2-eth1,97714.29,2043.96,99758.24,2046,97812,33.97,30.97,64.94,31,34,0.00,0.00,0,0
1520565635,lo,0.00,0.00,0.00,0,0,0.00,0.00,0.00,0,0,0.00,0.00,0,0
1520565635,total,99758.24,96733.27,196491.52,96830,99858,64.94,62.94,127.87,63,65,0.00,0.00,0,0
1520565636,eth0,0.00,60.00,60.00,60,0,0.00,1.00,1.00,1,0,0.00,0.00,0,0
1520565636,eth1,0.00,0.00,0.00,0,0,0.00,0.00,0.00,0,0,0.00,0.00,0,0
1520565636,s2,0.00,0.00,0.00,0,0,0.00,0.00,0.00,0,0,0.00,0.00,0,0
1520565636,s2-eth2,2310.00,106632.00,108942.00,106632,2310,35.00,36.00,71.00,36,35,0.00,0.00,0,0
1520565636,s2-eth1,94784.00,2310.00,97094.00,2310,94784,32.00,35.00,67.00,35,32,0.00,0.00,0,0
1520565636,lo,0.00,0.00,0.00,0,0,0.00,0.00,0.00,0,0,0.00,0.00,0,0
1520565636,total,97094.00,109002.00,206096.00,109002,97094,67.00,72.00,139.00,72,67,0.00,0.00,0,0
1520565637,eth0,0.00,60.00,60.00,60,0,0.00,1.00,1.00,1,0,0.00,0.00,0,0
1520565637,eth1,0.00,0.00,0.00,0,0,0.00,0.00,0.00,0,0,0.00,0.00,0,0
1520565637,s2,0.00,0.00,0.00,0,0,0.00,0.00,0.00,0,0,0.00,0.00,0,0
1520565637,s2-eth2,2508.00,115518.00,118026.00,115518,2508,38.00,39.00,77.00,39,38,0.00,0.00,0,0
1520565637,s2-eth1,124404.00,2508.00,126912.00,2508,124404,42.00,38.00,80.00,38,42,0.00,0.00,0,0
1520565637,lo,0.00,0.00,0.00,0,0,0.00,0.00,0.00,0,0,0.00,0.00,0,0
1520565637,total,126912.00,118086.00,244998.00,118086,126912,80.00,78.00,158.00,78,80,0.00,0.00,0,0
1520565638,eth0,0.00,120.00,120.00,120,0,0.00,2.00,2.00,2,0,0.00,0.00,0,0
1520565638,eth1,0.00,0.00,0.00,0,0,0.00,0.00,0.00,0,0,0.00,0.00,0,0
1520565638,s2,0.00,0.00,0.00,0,0,0.00,0.00,0.00,0,0,0.00,0.00,0,0
1520565638,s2-eth2,2838.00,104198.00,107036.00,104198,2838,41.00,43.00,84.00,43,41,0.00,0.00,0,0
1520565638,s2-eth1,101170.00,2838.00,104008.00,2838,101170,41.00,41.00,82.00,41,41,0.00,0.00,0,0
1520565638,lo,172.00,172.00,344.00,172,172,3.00,3.00,6.00,3,3,0.00,0.00,0,0
1520565638,total,104180.00,107328.00,211508.00,107328,104180,85.00,89.00,174.00,89,85,0.00,0.00,0,0
1520565639,eth0,0.00,60.00,60.00,60,0,0.00,1.00,1.00,1,0,0.00,0.00,0,0
1520565639,eth1,0.00,0.00,0.00,0,0,0.00,0.00,0.00,0,0,0.00,0.00,0,0
1520565639,s2,0.00,0.00,0.00,0,0,0.00,0.00,0.00,0,0,0.00,0.00,0,0
1520565639,s2-eth2,2292.00,94850.00,97142.00,94850,2292,34.00,33.00,67.00,33,34,0.00,0.00,0,0
1520565639,s2-eth1,88992.00,2292.00,91284.00,2292,88992,32.00,34.00,66.00,34,32,0.00,0.00,0,0
1520565639,lo,0.00,0.00,0.00,0,0,0.00,0.00,0.00,0,0,0.00,0.00,0,0
1520565639,total,91284.00,97202.00,188486.00,97202,91284,66.00,68.00,134.00,68,66,0.00,0.00,0,0
1520565640,eth0,0.00,86.00,86.00,86,0,0.00,1.00,1.00,1,0,0.00,0.00,0,0
1520565640,eth1,0.00,86.00,86.00,86,0,0.00,1.00,1.00,1,0,0.00,0.00,0,0
1520565640,s2,0.00,0.00,0.00,0,0,0.00,0.00,0.00,0,0,0.00,0.00,0,0
1520565640,s2-eth2,1956.00,74512.00,76468.00,74512,1956,28.00,32.00,60.00,32,28,0.00,0.00,0,0
1520565640,s2-eth1,71550.00,1956.00,73506.00,1956,71550,31.00,28.00,59.00,28,31,0.00,0.00,0,0
1520565640,lo,0.00,0.00,0.00,0,0,0.00,0.00,0.00,0,0,0.00,0.00,0,0
1520565640,total,73506.00,76640.00,150146.00,76640,73506,59.00,62.00,121.00,62,59,0.00,0.00,0,0
1520565641,eth0,0.00,60.00,60.00,60,0,0.00,1.00,1.00,1,0,0.00,0.00,0,0
1520565641,eth1,0.00,0.00,0.00,0,0,0.00,0.00,0.00,0,0,0.00,0.00,0,0
1520565641,s2,0.00,0.00,0.00,0,0,0.00,0.00,0.00,0,0,0.00,0.00,0,0
1520565641,s2-eth2,2046.00,91822.00,93868.00,91822,2046,31.00,31.00,62.00,31,31,0.00,0.00,0,0
1520565641,s2-eth1,88860.00,2046.00,90906.00,2046,88860,30.00,31.00,61.00,31,30,0.00,0.00,0,0
1520565641,lo,0.00,0.00,0.00,0,0,0.00,0.00,0.00,0,0,0.00,0.00,0,0
1520565641,total,90906.00,93928.00,184834.00,93928,90906,61.00,63.00,124.00,63,61,0.00,0.00,0,0
1520565642,eth0,0.00,120.00,120.00,120,0,0.00,2.00,2.00,2,0,0.00,0.00,0,0
1520565642,eth1,0.00,0.00,0.00,0,0,0.00,0.00,0.00,0,0,0.00,0.00,0,0
1520565642,s2,0.00,0.00,0.00,0,0,0.00,0.00,0.00,0,0,0.00,0.00,0,0
1520565642,s2-eth2,2178.00,97746.00,99924.00,97746,2178,33.00,33.00,66.00,33,33,0.00,0.00,0,0
1520565642,s2-eth1,97746.00,2178.00,99924.00,2178,97746,33.00,33.00,66.00,33,33,0.00,0.00,0,0
1520565642,lo,0.00,0.00,0.00,0,0,0.00,0.00,0.00,0,0,0.00,0.00,0,0
1520565642,total,99924.00,100044.00,199968.00,100044,99924,66.00,68.00,134.00,68,66,0.00,0.00,0,0
1520565643,eth0,0.00,120.00,120.00,120,0,0.00,2.00,2.00,2,0,0.00,0.00,0,0
1520565643,eth1,0.00,0.00,0.00,0,0,0.00,0.00,0.00,0,0,0.00,0.00,0,0
1520565643,s2,0.00,0.00,0.00,0,0,0.00,0.00,0.00,0,0,0.00,0.00,0,0
1520565643,s2-eth2,2328.00,94982.00,97310.00,94982,2328,34.00,35.00,69.00,35,34,0.00,0.00,0,0
1520565643,s2-eth1,89058.00,2328.00,91386.00,2328,89058,33.00,34.00,67.00,34,33,0.00,0.00,0,0
1520565643,lo,172.00,172.00,344.00,172,172,3.00,3.00,6.00,3,3,0.00,0.00,0,0
1520565643,total,91558.00,97602.00,189160.00,97602,91558,70.00,74.00,144.00,74,70,0.00,0.00,0,0
1520565644,eth0,0.00,120.00,120.00,120,0,0.00,2.00,2.00,2,0,0.00,0.00,0,0
1520565644,eth1,0.00,0.00,0.00,0,0,0.00,0.00,0.00,0,0,0.00,0.00,0,0
1520565644,s2,0.00,0.00,0.00,0,0,0.00,0.00,0.00,0,0,0.00,0.00,0,0
1520565644,s2-eth2,2064.00,86096.00,88160.00,86096,2064,30.00,32.00,62.00,32,30,0.00,0.00,0,0
1520565644,s2-eth1,89058.00,2064.00,91122.00,2064,89058,33.00,30.00,63.00,30,33,0.00,0.00,0,0
1520565644,lo,0.00,0.00,0.00,0,0,0.00,0.00,0.00,0,0,0.00,0.00,0,0
1520565644,total,91122.00,88280.00,179402.00,88280,91122,63.00,64.00,127.00,64,63,0.00,0.00,0,0
1520565645,eth0,0.00,60.00,60.00,60,0,0.00,1.00,1.00,1,0,0.00,0.00,0,0
1520565645,eth1,0.00,0.00,0.00,0,0,0.00,0.00,0.00,0,0,0.00,0.00,0,0
1520565645,s2,0.00,0.00,0.00,0,0,0.00,0.00,0.00,0,0,0.00,0.00,0,0
1520565645,s2-eth2,2508.00,115518.00,118026.00,115518,2508,38.00,39.00,77.00,39,38,0.00,0.00,0,0
1520565645,s2-eth1,109594.00,2508.00,112102.00,2508,109594,37.00,38.00,75.00,38,37,0.00,0.00,0,0
1520565645,lo,0.00,0.00,0.00,0,0,0.00,0.00,0.00,0,0,0.00,0.00,0,0
1520565645,total,112102.00,118086.00,230188.00,118086,112102,75.00,78.00,153.00,78,75,0.00,0.00,0,0
1520565646,eth0,0.00,60.00,60.00,60,0,0.00,1.00,1.00,1,0,0.00,0.00,0,0
1520565646,eth1,0.00,0.00,0.00,0,0,0.00,0.00,0.00,0,0,0.00,0.00,0,0
1520565646,s2,0.00,0.00,0.00,0,0,0.00,0.00,0.00,0,0,0.00,0.00,0,0
1520565646,s2-eth2,2214.00,95024.00,97238.00,95024,2214,33.00,36.00,69.00,36,33,0.00,0.00,0,0
1520565646,s2-eth1,92062.00,2214.00,94276.00,2214,92062,35.00,33.00,68.00,33,35,0.00,0.00,0,0
1520565646,lo,296.00,296.00,592.00,296,296,3.00,3.00,6.00,3,3,0.00,0.00,0,0
1520565646,total,94572.00,97594.00,192166.00,97594,94572,71.00,73.00,144.00,73,71,0.00,0.00,0,0
1520565647,eth0,0.00,60.00,60.00,60,0,0.00,1.00,1.00,1,0,0.00,0.00,0,0
1520565647,eth1,0.00,0.00,0.00,0,0,0.00,0.00,0.00,0,0,0.00,0.00,0,0
1520565647,s2,0.00,0.00,0.00,0,0,0.00,0.00,0.00,0,0,0.00,0.00,0,0
1520565647,s2-eth2,2130.00,86096.00,88226.00,86096,2130,31.00,32.00,63.00,32,31,0.00,0.00,0,0
1520565647,s2-eth1,92362.00,2130.00,94492.00,2130,92362,35.00,31.00,66.00,31,35,0.00,0.00,0,0
1520565647,lo,0.00,0.00,0.00,0,0,0.00,0.00,0.00,0,0,0.00,0.00,0,0
1520565647,total,94492.00,88286.00,182778.00,88286,94492,66.00,64.00,130.00,64,66,0.00,0.00,0,0
1520565648,eth0,0.00,60.00,60.00,60,0,0.00,1.00,1.00,1,0,0.00,0.00,0,0
1520565648,eth1,0.00,0.00,0.00,0,0,0.00,0.00,0.00,0,0,0.00,0.00,0,0
1520565648,s2,0.00,0.00,0.00,0,0,0.00,0.00,0.00,0,0,0.00,0.00,0,0
1520565648,s2-eth2,2448.00,80238.00,82686.00,80238,2448,32.00,31.00,63.00,31,32,0.00,0.00,0,0
1520565648,s2-eth1,68390.00,2106.00,70496.00,2106,68390,27.00,31.00,58.00,31,27,0.00,0.00,0,0
1520565648,lo,0.00,0.00,0.00,0,0,0.00,0.00,0.00,0,0,0.00,0.00,0,0
1520565648,total,70838.00,82404.00,153242.00,82404,70838,59.00,63.00,122.00,63,59,0.00,0.00,0,0
1520565649,eth0,0.00,60.00,60.00,60,0,0.00,1.00,1.00,1,0,0.00,0.00,0,0
1520565649,eth1,0.00,0.00,0.00,0,0,0.00,0.00,0.00,0,0,0.00,0.00,0,0
1520565649,s2,0.00,0.00,0.00,0,0,0.00,0.00,0.00,0,0,0.00,0.00,0,0
1520565649,s2-eth2,1776.00,68390.00,70166.00,68390,1776,26.00,27.00,53.00,27,26,0.00,0.00,0,0
1520565649,s2-eth1,77276.00,1776.00,79052.00,1776,77276,30.00,26.00,56.00,26,30,0.00,0.00,0,0
1520565649,lo,0.00,0.00,0.00,0,0,0.00,0.00,0.00,0,0,0.00,0.00,0,0
1520565649,total,79052.00,70226.00,149278.00,70226,79052,56.00,54.00,110.00,54,56,0.00,0.00,0,0
1520565650,eth0,0.00,60.00,60.00,60,0,0.00,1.00,1.00,1,0,0.00,0.00,0,0
1520565650,eth1,0.00,0.00,0.00,0,0,0.00,0.00,0.00,0,0,0.00,0.00,0,0
1520565650,s2,0.00,0.00,0.00,0,0,0.00,0.00,0.00,0,0,0.00,0.00,0,0
1520565650,s2-eth2,2106.00,89124.00,91230.00,89124,2106,31.00,34.00,65.00,34,31,0.00,0.00,0,0
1520565650,s2-eth1,74314.00,2106.00,76420.00,2106,74314,29.00,31.00,60.00,31,29,0.00,0.00,0,0
1520565650,lo,172.00,172.00,344.00,172,172,3.00,3.00,6.00,3,3,0.00,0.00,0,0
1520565650,total,76592.00,91462.00,168054.00,91462,76592,63.00,69.00,132.00,69,63,0.00,0.00,0,0
1520565651,eth0,0.00,0.00,0.00,0,0,0.00,0.00,0.00,0,0,0.00,0.00,0,0
1520565651,eth1,0.00,0.00,0.00,0,0,0.00,0.00,0.00,0,0,0.00,0.00,0,0
1520565651,s2,0.00,0.00,0.00,0,0,0.00,0.00,0.00,0,0,0.00,0.00,0,0
1520565651,s2-eth2,1818.00,84582.00,86400.00,84582,1818,27.00,31.00,58.00,31,27,0.00,0.00,0,0
1520565651,s2-eth1,90440.00,1896.00,92336.00,1896,90440,32.00,28.00,60.00,28,32,0.00,0.00,0,0
1520565651,lo,0.00,0.00,0.00,0,0,0.00,0.00,0.00,0,0,0.00,0.00,0,0
1520565651,total,92258.00,86478.00,178736.00,86478,92258,59.00,59.00,118.00,59,59,0.00,0.00,0,0
1520565652,eth0,0.00,59.94,59.94,60,0,0.00,1.00,1.00,1,0,0.00,0.00,0,0
1520565652,eth1,0.00,0.00,0.00,0,0,0.00,0.00,0.00,0,0,0.00,0.00,0,0
1520565652,s2,0.00,0.00,0.00,0,0,0.00,0.00,0.00,0,0,0.00,0.00,0,0
1520565652,s2-eth2,2133.87,87390.61,89524.48,87478,2136,31.97,30.97,62.94,31,32,0.00,0.00,0,0
1520565652,s2-eth1,84497.51,2055.94,86553.45,2058,84582,30.97,30.97,61.94,31,31,0.00,0.00,0,0
1520565652,lo,0.00,0.00,0.00,0,0,0.00,0.00,0.00,0,0,0.00,0.00,0,0
1520565652,total,86631.37,89506.49,176137.86,89596,86718,62.94,62.94,125.87,63,63,0.00,0.00,0,0
1520565653,eth0,0.00,60.00,60.00,60,0,0.00,1.00,1.00,1,0,0.00,0.00,0,0
1520565653,eth1,0.00,0.00,0.00,0,0,0.00,0.00,0.00,0,0,0.00,0.00,0,0
1520565653,s2,0.00,0.00,0.00,0,0,0.00,0.00,0.00,0,0,0.00,0.00,0,0
1520565653,s2-eth2,1746.00,64112.00,65858.00,64112,1746,25.00,28.00,53.00,28,25,0.00,0.00,0,0
1520565653,s2-eth1,62940.00,1746.00,64686.00,1746,62940,28.00,25.00,53.00,25,28,0.00,0.00,0,0
1520565653,lo,0.00,0.00,0.00,0,0,0.00,0.00,0.00,0,0,0.00,0.00,0,0
1520565653,total,64686.00,65918.00,130604.00,65918,64686,53.00,54.00,107.00,54,53,0.00,0.00,0,0
1520565654,eth0,0.00,60.00,60.00,60,0,0.00,1.00,1.00,1,0,0.00,0.00,0,0
1520565654,eth1,0.00,0.00,0.00,0,0,0.00,0.00,0.00,0,0,0.00,0.00,0,0
1520565654,s2,0.00,0.00,0.00,0,0,0.00,0.00,0.00,0,0,0.00,0.00,0,0
1520565654,s2-eth2,1254.00,56278.00,57532.00,56278,1254,19.00,19.00,38.00,19,19,0.00,0.00,0,0
1520565654,s2-eth1,53316.00,1254.00,54570.00,1254,53316,18.00,19.00,37.00,19,18,0.00,0.00,0,0
1520565654,lo,0.00,0.00,0.00,0,0,0.00,0.00,0.00,0,0,0.00,0.00,0,0
1520565654,total,54570.00,57592.00,112162.00,57592,54570,37.00,39.00,76.00,39,37,0.00,0.00,0,0
1520565655,eth0,0.00,60.00,60.00,60,0,0.00,1.00,1.00,1,0,0.00,0.00,0,0
1520565655,eth1,0.00,0.00,0.00,0,0,0.00,0.00,0.00,0,0,0.00,0.00,0,0
1520565655,s2,0.00,0.00,0.00,0,0,0.00,0.00,0.00,0,0,0.00,0.00,0,0
1520565655,s2-eth2,1290.00,50486.00,51776.00,50486,1290,19.00,19.00,38.00,19,19,0.00,0.00,0,0
1520565655,s2-eth1,50486.00,1290.00,51776.00,1290,50486,19.00,19.00,38.00,19,19,0.00,0.00,0,0
1520565655,lo,172.00,172.00,344.00,172,172,3.00,3.00,6.00,3,3,0.00,0.00,0,0
1520565655,total,51948.00,52008.00,103956.00,52008,51948,41.00,42.00,83.00,42,41,0.00,0.00,0,0
1520565656,eth0,0.00,60.00,60.00,60,0,0.00,1.00,1.00,1,0,0.00,0.00,0,0
1520565656,eth1,0.00,0.00,0.00,0,0,0.00,0.00,0.00,0,0,0.00,0.00,0,0
1520565656,s2,0.00,0.00,0.00,0,0,0.00,0.00,0.00,0,0,0.00,0.00,0,0
1520565656,s2-eth2,1092.00,50486.00,51578.00,50486,1092,16.00,19.00,35.00,19,16,0.00,0.00,0,0
1520565656,s2-eth1,47524.00,1092.00,48616.00,1092,47524,18.00,16.00,34.00,16,18,0.00,0.00,0,0
1520565656,lo,0.00,0.00,0.00,0,0,0.00,0.00,0.00,0,0,0.00,0.00,0,0
1520565656,total,48616.00,51638.00,100254.00,51638,48616,34.00,36.00,70.00,36,34,0.00,0.00,0,0
1520565657,eth0,460.00,453.00,913.00,453,460,5.00,4.00,9.00,4,5,0.00,0.00,0,0
1520565657,eth1,0.00,0.00,0.00,0,0,0.00,0.00,0.00,0,0,0.00,0.00,0,0
1520565657,s2,0.00,0.00,0.00,0,0,0.00,0.00,0.00,0,0,0.00,0.00,0,0
1520565657,s2-eth2,1710.00,56344.00,58054.00,56344,1710,21.00,20.00,41.00,20,21,0.00,0.00,0,0
1520565657,s2-eth1,50354.00,1278.00,51632.00,1278,50354,17.00,19.00,36.00,19,17,0.00,0.00,0,0
1520565657,lo,465.00,465.00,930.00,465,465,6.00,6.00,12.00,6,6,0.00,0.00,0,0
1520565657,total,52989.00,58540.00,111529.00,58540,52989,49.00,49.00,98.00,49,49,0.00,0.00,0,0
1520565658,eth0,192.00,285.00,477.00,285,192,2.00,2.00,4.00,2,2,0.00,0.00,0,0
1520565658,eth1,0.00,0.00,0.00,0,0,0.00,0.00,0.00,0,0,0.00,0.00,0,0
1520565658,s2,0.00,0.00,0.00,0,0,0.00,0.00,0.00,0,0,0.00,0.00,0,0
1520565658,s2-eth2,1170.00,47458.00,48628.00,47458,1170,17.00,17.00,34.00,17,17,0.00,0.00,0,0
1520565658,s2-eth1,51086.00,1002.00,52088.00,1002,51086,23.00,15.00,38.00,15,23,0.00,0.00,0,0
1520565658,lo,341.00,341.00,682.00,341,341,4.00,4.00,8.00,4,4,0.00,0.00,0,0
1520565658,total,52789.00,49086.00,101875.00,49086,52789,46.00,38.00,84.00,38,46,0.00,0.00,0,0
1520565659,eth0,384.00,915.00,1299.00,915,384,4.00,7.00,11.00,7,4,0.00,0.00,0,0
1520565659,eth1,0.00,0.00,0.00,0,0,0.00,0.00,0.00,0,0,0.00,0.00,0,0
1520565659,s2,0.00,0.00,0.00,0,0,0.00,0.00,0.00,0,0,0.00,0.00,0,0
1520565659,s2-eth2,1438.00,56278.00,57716.00,56278,1438,21.00,19.00,40.00,19,21,0.00,0.00,0,0
1520565659,s2-eth1,56438.00,1188.00,57626.00,1188,56438,21.00,18.00,39.00,18,21,0.00,0.00,0,0
1520565659,lo,899.00,899.00,1798.00,899,899,10.00,10.00,20.00,10,10,0.00,0.00,0,0
1520565659,total,59159.00,59280.00,118439.00,59280,59159,56.00,54.00,110.00,54,56,0.00,0.00,0,0
1520565660,eth0,192.00,345.00,537.00,345,192,2.00,3.00,5.00,3,2,0.00,0.00,0,0
1520565660,eth1,0.00,0.00,0.00,0,0,0.00,0.00,0.00,0,0,0.00,0.00,0,0
1520565660,s2,0.00,0.00,0.00,0,0,0.00,0.00,0.00,0,0,0.00,0.00,0,0
1520565660,s2-eth2,1254.00,65164.00,66418.00,65164,1254,19.00,22.00,41.00,22,19,0.00,0.00,0,0
1520565660,s2-eth1,59330.00,1254.00,60584.00,1254,59330,21.00,19.00,40.00,19,21,0.00,0.00,0,0
1520565660,lo,513.00,513.00,1026.00,513,513,7.00,7.00,14.00,7,7,0.00,0.00,0,0
1520565660,total,61289.00,67276.00,128565.00,67276,61289,49.00,51.00,100.00,51,49,0.00,0.00,0,0
1520565661,eth0,0.00,60.00,60.00,60,0,0.00,1.00,1.00,1,0,0.00,0.00,0,0
1520565661,eth1,0.00,0.00,0.00,0,0,0.00,0.00,0.00,0,0,0.00,0.00,0,0
1520565661,s2,0.00,0.00,0.00,0,0,0.00,0.00,0.00,0,0,0.00,0.00,0,0
1520565661,s2-eth2,2058.00,79974.00,82032.00,79974,2058,27.00,27.00,54.00,27,27,0.00,0.00,0,0
1520565661,s2-eth1,83278.00,1716.00,84994.00,1716,83278,29.00,26.00,55.00,26,29,0.00,0.00,0,0
1520565661,lo,0.00,0.00,0.00,0,0,0.00,0.00,0.00,0,0,0.00,0.00,0,0
1520565661,total,85336.00,81750.00,167086.00,81750,85336,56.00,54.00,110.00,54,56,0.00,0.00,0,0
1520565662,eth0,145.85,137.86,283.72,138,146,2.00,2.00,4.00,2,2,0.00,0.00,0,0
1520565662,eth1,0.00,0.00,0.00,0,0,0.00,0.00,0.00,0,0,0.00,0.00,0,0
1520565662,s2,0.00,0.00,0.00,0,0,0.00,0.00,0.00,0,0,0.00,0.00,0,0
1520565662,s2-eth2,2541.46,122899.10,125440.56,123022,2544,37.96,42.96,80.92,43,38,0.00,0.00,0,0
1520565662,s2-eth1,112443.56,2541.46,114985.02,2544,112556,37.96,37.96,75.92,38,38,0.00,0.00,0,0
1520565662,lo,0.00,0.00,0.00,0,0,0.00,0.00,0.00,0,0,0.00,0.00,0,0
1520565662,total,115130.88,125578.42,240709.30,125704,115246,77.92,82.92,160.84,83,78,0.00,0.00,0,0
1520565663,eth0,0.00,0.00,0.00,0,0,0.00,0.00,0.00,0,0,0.00,0.00,0,0
1520565663,eth1,0.00,0.00,0.00,0,0,0.00,0.00,0.00,0,0,0.00,0.00,0,0
1520565663,s2,0.00,0.00,0.00,0,0,0.00,0.00,0.00,0,0,0.00,0.00,0,0
1520565663,s2-eth2,3310.00,132172.00,135482.00,132172,3310,49.00,50.00,99.00,50,49,0.00,0.00,0,0
1520565663,s2-eth1,139746.00,3240.00,142986.00,3240,139746,55.00,48.00,103.00,48,55,0.00,0.00,0,0
1520565663,lo,0.00,0.00,0.00,0,0,0.00,0.00,0.00,0,0,0.00,0.00,0,0
1520565663,total,143056.00,135412.00,278468.00,135412,143056,104.00,98.00,202.00,98,104,0.00,0.00,0,0
1520565664,eth0,0.00,60.00,60.00,60,0,0.00,1.00,1.00,1,0,0.00,0.00,0,0
1520565664,eth1,0.00,0.00,0.00,0,0,0.00,0.00,0.00,0,0,0.00,0.00,0,0
1520565664,s2,0.00,0.00,0.00,0,0,0.00,0.00,0.00,0,0,0.00,0.00,0,0
1520565664,s2-eth2,3564.00,159948.00,163512.00,159948,3564,54.00,54.00,108.00,54,54,0.00,0.00,0,0
1520565664,s2-eth1,148100.00,3564.00,151664.00,3564,148100,50.00,54.00,104.00,54,50,0.00,0.00,0,0
1520565664,lo,0.00,0.00,0.00,0,0,0.00,0.00,0.00,0,0,0.00,0.00,0,0
1520565664,total,151664.00,163572.00,315236.00,163572,151664,104.00,109.00,213.00,109,104,0.00,0.00,0,0
1520565665,eth0,0.00,274.73,274.73,275,0,0.00,2.00,2.00,2,0,0.00,0.00,0,0
1520565665,eth1,0.00,0.00,0.00,0,0,0.00,0.00,0.00,0,0,0.00,0.00,0,0
1520565665,s2,0.00,0.00,0.00,0,0,0.00,0.00,0.00,0,0,0.00,0.00,0,0
1520565665,s2-eth2,3932.07,121980.02,125912.09,122102,3936,51.95,50.95,102.90,51,52,0.00,0.00,0,0
1520565665,s2-eth1,135262.73,3590.41,138853.16,3594,135398,54.95,50.95,105.89,51,55,0.00,0.00,0,0
1520565665,lo,171.83,171.83,343.66,172,172,3.00,3.00,5.99,3,3,0.00,0.00,0,0
1520565665,total,139366.64,126016.98,265383.62,126143,139506,109.89,106.89,216.78,107,110,0.00,0.00,0,0
1520565666,eth0,0.00,60.00,60.00,60,0,0.00,1.00,1.00,1,0,0.00,0.00,0,0
1520565666,eth1,0.00,0.00,0.00,0,0,0.00,0.00,0.00,0,0,0.00,0.00,0,0
1520565666,s2,0.00,0.00,0.00,0,0,0.00,0.00,0.00,0,0,0.00,0.00,0,0
1520565666,s2-eth2,2322.00,99392.00,101714.00,99392,2322,35.00,36.00,71.00,36,35,0.00,0.00,0,0
1520565666,s2-eth1,87544.00,2322.00,89866.00,2322,87544,32.00,35.00,67.00,35,32,0.00,0.00,0,0
1520565666,lo,0.00,0.00,0.00,0,0,0.00,0.00,0.00,0,0,0.00,0.00,0,0
1520565666,total,89866.00,101774.00,191640.00,101774,89866,67.00,72.00,139.00,72,67,0.00,0.00,0,0
1520565667,eth0,0.00,59.94,59.94,60,0,0.00,1.00,1.00,1,0,0.00,0.00,0,0
1520565667,eth1,0.00,0.00,0.00,0,0,0.00,0.00,0.00,0,0,0.00,0.00,0,0
1520565667,s2,0.00,0.00,0.00,0,0,0.00,0.00,0.00,0,0,0.00,0.00,0,0
1520565667,s2-eth2,2113.89,97648.35,99762.24,97746,2116,31.97,32.97,64.94,33,32,0.00,0.00,0,0
1520565667,s2-eth1,103978.02,2043.96,106021.98,2046,104082,36.96,30.97,67.93,31,37,0.00,0.00,0,0
1520565667,lo,0.00,0.00,0.00,0,0,0.00,0.00,0.00,0,0,0.00,0.00,0,0
1520565667,total,106091.91,99752.25,205844.16,99852,106198,68.93,64.94,133.87,65,69,0.00,0.00,0,0
1520565668,eth0,0.00,120.00,120.00,120,0,0.00,2.00,2.00,2,0,0.00,0.00,0,0
1520565668,eth1,0.00,0.00,0.00,0,0,0.00,0.00,0.00,0,0,0.00,0.00,0,0
1520565668,s2,0.00,0.00,0.00,0,0,0.00,0.00,0.00,0,0,0.00,0.00,0,0
1520565668,s2-eth2,2574.00,118480.00,121054.00,118480,2574,39.00,40.00,79.00,40,39,0.00,0.00,0,0
1520565668,s2-eth1,112556.00,2574.00,115130.00,2574,112556,38.00,39.00,77.00,39,38,0.00,0.00,0,0
1520565668,lo,0.00,0.00,0.00,0,0,0.00,0.00,0.00,0,0,0.00,0.00,0,0
1520565668,total,115130.00,121174.00,236304.00,121174,115130,77.00,81.00,158.00,81,77,0.00,0.00,0,0
1520565669,eth0,0.00,60.00,60.00,60,0,0.00,1.00,1.00,1,0,0.00,0.00,0,0
1520565669,eth1,0.00,0.00,0.00,0,0,0.00,0.00,0.00,0,0,0.00,0.00,0,0
1520565669,s2,0.00,0.00,0.00,0,0,0.00,0.00,0.00,0,0,0.00,0.00,0,0
1520565669,s2-eth2,2880.00,124866.00,127746.00,124866,2880,42.00,49.00,91.00,49,42,0.00,0.00,0,0
1520565669,s2-eth1,129210.00,2880.00,132090.00,2880,129210,49.00,42.00,91.00,42,49,0.00,0.00,0,0
1520565669,lo,0.00,0.00,0.00,0,0,0.00,0.00,0.00,0,0,0.00,0.00,0,0
1520565669,total,132090.00,127806.00,259896.00,127806,132090,91.00,92.00,183.00,92,91,0.00,0.00,0,0
1520565670,eth0,0.00,86.00,86.00,86,0,0.00,1.00,1.00,1,0,0.00,0.00,0,0
1520565670,eth1,0.00,86.00,86.00,86,0,0.00,1.00,1.00,1,0,0.00,0.00,0,0
1520565670,s2,0.00,0.00,0.00,0,0,0.00,0.00,0.00,0,0,0.00,0.00,0,0
1520565670,s2-eth2,3414.00,137898.00,141312.00,137898,3414,51.00,49.00,100.00,49,51,0.00,0.00,0,0
1520565670,s2-eth1,128946.00,3414.00,132360.00,3414,128946,45.00,51.00,96.00,51,45,0.00,0.00,0,0
1520565670,lo,172.00,172.00,344.00,172,172,3.00,3.00,6.00,3,3,0.00,0.00,0,0
1520565670,total,132532.00,141656.00,274188.00,141656,132532,99.00,105.00,204.00,105,99,0.00,0.00,0,0
1520565671,eth0,0.00,60.00,60.00,60,0,0.00,1.00,1.00,1,0,0.00,0.00,0,0
1520565671,eth1,0.00,0.00,0.00,0,0,0.00,0.00,0.00,0,0,0.00,0.00,0,0
1520565671,s2,0.00,0.00,0.00,0,0,0.00,0.00,0.00,0,0,0.00,0.00,0,0
1520565671,s2-eth2,3252.00,89520.00,92772.00,89520,3252,42.00,40.00,82.00,40,42,0.00,0.00,0,0
1520565671,s2-eth1,92614.00,2910.00,95524.00,2910,92614,43.00,41.00,84.00,41,43,0.00,0.00,0,0
1520565671,lo,0.00,0.00,0.00,0,0,0.00,0.00,0.00,0,0,0.00,0.00,0,0
1520565671,total,95866.00,92490.00,188356.00,92490,95866,85.00,82.00,167.00,82,85,0.00,0.00,0,0
1520565672,eth0,0.00,60.00,60.00,60,0,0.00,1.00,1.00,1,0,0.00,0.00,0,0
1520565672,eth1,0.00,0.00,0.00,0,0,0.00,0.00,0.00,0,0,0.00,0.00,0,0
1520565672,s2,0.00,0.00,0.00,0,0,0.00,0.00,0.00,0,0,0.00,0.00,0,0
1520565672,s2-eth2,1980.00,94784.00,96764.00,94784,1980,30.00,32.00,62.00,32,30,0.00,0.00,0,0
1520565672,s2-eth1,82936.00,1980.00,84916.00,1980,82936,28.00,30.00,58.00,30,28,0.00,0.00,0,0
1520565672,lo,0.00,0.00,0.00,0,0,0.00,0.00,0.00,0,0,0.00,0.00,0,0
1520565672,total,84916.00,96824.00,181740.00,96824,84916,58.00,63.00,121.00,63,58,0.00,0.00,0,0
1520565673,eth0,0.00,60.00,60.00,60,0,0.00,1.00,1.00,1,0,0.00,0.00,0,0
1520565673,eth1,0.00,0.00,0.00,0,0,0.00,0.00,0.00,0,0,0.00,0.00,0,0
1520565673,s2,0.00,0.00,0.00,0,0,0.00,0.00,0.00,0,0,0.00,0.00,0,0
1520565673,s2-eth2,2040.00,80238.00,82278.00,80238,2040,30.00,31.00,61.00,31,30,0.00,0.00,0,0
1520565673,s2-eth1,89124.00,2040.00,91164.00,2040,89124,34.00,30.00,64.00,30,34,0.00,0.00,0,0
1520565673,lo,0.00,0.00,0.00,0,0,0.00,0.00,0.00,0,0,0.00,0.00,0,0
1520565673,total,91164.00,82338.00,173502.00,82338,91164,64.00,62.00,126.00,62,64,0.00,0.00,0,0
1520565674,eth0,0.00,0.00,0.00,0,0,0.00,0.00,0.00,0,0,0.00,0.00,0,0
1520565674,eth1,0.00,0.00,0.00,0,0,0.00,0.00,0.00,0,0,0.00,0.00,0,0
1520565674,s2,0.00,0.00,0.00,0,0,0.00,0.00,0.00,0,0,0.00,0.00,0,0
1520565674,s2-eth2,2169.83,89034.97,91204.80,89124,2172,31.97,33.97,65.93,34,32,0.00,0.00,0,0
1520565674,s2-eth1,77198.80,2169.83,79368.63,2172,77276,29.97,31.97,61.94,32,30,0.00,0.00,0,0
1520565674,lo,0.00,0.00,0.00,0,0,0.00,0.00,0.00,0,0,0.00,0.00,0,0
1520565674,total,79368.63,91204.80,170573.44,91296,79448,61.94,65.93,127.87,66,62,0.00,0.00,0,0
1520565675,eth0,0.00,60.00,60.00,60,0,0.00,1.00,1.00,1,0,0.00,0.00,0,0
1520565675,eth1,0.00,0.00,0.00,0,0,0.00,0.00,0.00,0,0,0.00,0.00,0,0
1520565675,s2,0.00,0.00,0.00,0,0,0.00,0.00,0.00,0,0,0.00,0.00,0,0
1520565675,s2-eth2,2046.00,91822.00,93868.00,91822,2046,31.00,31.00,62.00,31,31,0.00,0.00,0,0
1520565675,s2-eth1,97746.00,2046.00,99792.00,2046,97746,33.00,31.00,64.00,31,33,0.00,0.00,0,0
1520565675,lo,172.00,172.00,344.00,172,172,3.00,3.00,6.00,3,3,0.00,0.00,0,0
1520565675,total,99964.00,94100.00,194064.00,94100,99964,67.00,66.00,133.00,66,67,0.00,0.00,0,0
1520565676,eth0,0.00,60.00,60.00,60,0,0.00,1.00,1.00,1,0,0.00,0.00,0,0
1520565676,eth1,0.00,0.00,0.00,0,0,0.00,0.00,0.00,0,0,0.00,0.00,0,0
1520565676,s2,0.00,0.00,0.00,0,0,0.00,0.00,0.00,0,0,0.00,0.00,0,0
1520565676,s2-eth2,2238.00,89124.00,91362.00,89124,2238,33.00,3