1520564906,s1,0.00,0.00,0.00,0,0,0.00,0.00,0.00,0,0,0.00,0.00,0,0
1520564906,eth0,0.00,0.00,0.00,0,0,0.00,0.00,0.00,0,0,0.00,0.00,0,0
1520564906,eth1,0.00,0.00,0.00,0,0,0.00,0.00,0.00,0,0,0.00,0.00,0,0
1520564906,s2,0.00,0.00,0.00,0,0,0.00,0.00,0.00,0,0,0.00,0.00,0,0
1520564906,s1-eth2,0.00,0.00,0.00,0,0,0.00,0.00,0.00,0,0,0.00,0.00,0,0
1520564906,s1-eth1,0.00,0.00,0.00,0,0,0.00,0.00,0.00,0,0,0.00,0.00,0,0
1520564906,s2-eth2,0.00,0.00,0.00,0,0,0.00,0.00,0.00,0,0,0.00,0.00,0,0
1520564906,s2-eth1,0.00,0.00,0.00,0,0,0.00,0.00,0.00,0,0,0.00,0.00,0,0
1520564906,lo,0.00,0.00,0.00,0,0,0.00,0.00,0.00,0,0,0.00,0.00,0,0
1520564906,total,0.00,0.00,0.00,0,0,0.00,0.00,0.00,0,0,0.00,0.00,0,0
1520564907,s1,249.75,0.00,249.75,0,250,3.00,0.00,3.00,0,3,0.00,0.00,0,0
1520564907,eth0,191.81,344.66,536.46,345,192,2.00,3.00,5.00,3,2,0.00,0.00,0,0
1520564907,eth1,0.00,0.00,0.00,0,0,0.00,0.00,0.00,0,0,0.00,0.00,0,0
1520564907,s2,89.91,249.75,339.66,250,90,1.00,3.00,4.00,3,1,0.00,0.00,0,0
1520564907,s1-eth2,249.75,0.00,249.75,0,250,3.00,0.00,3.00,0,3,0.00,0.00,0,0
1520564907,s1-eth1,339.66,0.00,339.66,0,340,4.00,0.00,4.00,0,4,0.00,0.00,0,0
1520564907,s2-eth2,611.39,159.84,771.23,160,612,4.00,2.00,5.99,2,4,0.00,0.00,0,0
1520564907,s2-eth1,339.66,89.91,429.57,90,340,4.00,1.00,5.00,1,4,0.00,0.00,0,0
1520564907,lo,2314.69,2314.69,4629.37,2317,2317,24.98,24.98,49.95,25,25,0.00,0.00,0,0
1520564907,total,4386.61,3158.84,7545.45,3162,4391,45.95,33.97,79.92,34,46,0.00,0.00,0,0
1520564908,s1,0.00,0.00,0.00,0,0,0.00,0.00,0.00,0,0,0.00,0.00,0,0
1520564908,eth0,251.75,404.60,656.34,405,252,3.00,4.00,6.99,4,3,0.00,0.00,0,0
1520564908,eth1,0.00,0.00,0.00,0,0,0.00,0.00,0.00,0,0,0.00,0.00,0,0
1520564908,s2,0.00,89.91,89.91,90,0,0.00,1.00,1.00,1,0,0.00,0.00,0,0
1520564908,s1-eth2,341.66,0.00,341.66,0,342,1.00,0.00,1.00,0,1,0.00,0.00,0,0
1520564908,s1-eth1,341.66,0.00,341.66,0,342,1.00,0.00,1.00,0,1,0.00,0.00,0,0
1520564908,s2-eth2,0.00,89.91,89.91,90,0,0.00,1.00,1.00,1,0,0.00,0.00,0,0
1520564908,s2-eth1,431.57,0.00,431.57,0,432,2.00,0.00,2.00,0,2,0.00,0.00,0,0
1520564908,lo,628.37,628.37,1256.74,629,629,6.99,6.99,13.99,7,7,0.00,0.00,0,0
1520564908,total,1995.01,1212.79,3207.79,1214,1997,13.99,12.99,26.97,13,14,0.00,0.00,0,0
1520564909,s1,0.00,0.00,0.00,0,0,0.00,0.00,0.00,0,0,0.00,0.00,0,0
1520564909,eth0,0.00,59.94,59.94,60,0,0.00,1.00,1.00,1,0,0.00,0.00,0,0
1520564909,eth1,0.00,0.00,0.00,0,0,0.00,0.00,0.00,0,0,0.00,0.00,0,0
1520564909,s2,0.00,0.00,0.00,0,0,0.00,0.00,0.00,0,0,0.00,0.00,0,0
1520564909,s1-eth2,0.00,0.00,0.00,0,0,0.00,0.00,0.00,0,0,0.00,0.00,0,0
1520564909,s1-eth1,0.00,0.00,0.00,0,0,0.00,0.00,0.00,0,0,0.00,0.00,0,0
1520564909,s2-eth2,0.00,0.00,0.00,0,0,0.00,0.00,0.00,0,0,0.00,0.00,0,0
1520564909,s2-eth1,0.00,0.00,0.00,0,0,0.00,0.00,0.00,0,0,0.00,0.00,0,0
1520564909,lo,0.00,0.00,0.00,0,0,0.00,0.00,0.00,0,0,0.00,0.00,0,0
1520564909,total,0.00,59.94,59.94,60,0,0.00,1.00,1.00,1,0,0.00,0.00,0,0
1520564910,s1,0.00,140.00,140.00,140,0,0.00,2.00,2.00,2,0,0.00,0.00,0,0
1520564910,eth0,0.00,60.00,60.00,60,0,0.00,1.00,1.00,1,0,0.00,0.00,0,0
1520564910,eth1,0.00,0.00,0.00,0,0,0.00,0.00,0.00,0,0,0.00,0.00,0,0
1520564910,s2,70.00,70.00,140.00,70,70,1.00,1.00,2.00,1,1,0.00,0.00,0,0
1520564910,s1-eth2,182.00,112.00,294.00,112,182,3.00,2.00,5.00,2,3,0.00,0.00,0,0
1520564910,s1-eth1,182.00,112.00,294.00,112,182,3.00,2.00,5.00,2,3,0.00,0.00,0,0
1520564910,s2-eth2,552.00,0.00,552.00,0,552,4.00,0.00,4.00,0,4,0.00,0.00,0,0
1520564910,s2-eth1,140.00,70.00,210.00,70,140,2.00,1.00,3.00,1,2,0.00,0.00,0,0
1520564910,lo,1664.00,1664.00,3328.00,1664,1664,18.00,18.00,36.00,18,18,0.00,0.00,0,0
1520564910,total,2790.00,2228.00,5018.00,2228,2790,31.00,27.00,58.00,27,31,0.00,0.00,0,0
1520564911,s1,69.93,0.00,69.93,0,70,1.00,0.00,1.00,0,1,0.00,0.00,0,0
1520564911,eth0,85.91,77.92,163.84,78,86,1.00,1.00,2.00,1,1,0.00,0.00,0,0
1520564911,eth1,0.00,0.00,0.00,0,0,0.00,0.00,0.00,0,0,0.00,0.00,0,0
1520564911,s2,0.00,69.93,69.93,70,0,0.00,1.00,1.00,1,0,0.00,0.00,0,0
1520564911,s1-eth2,69.93,0.00,69.93,0,70,1.00,0.00,1.00,0,1,0.00,0.00,0,0
1520564911,s1-eth1,69.93,0.00,69.93,0,70,1.00,0.00,1.00,0,1,0.00,0.00,0,0
1520564911,s2-eth2,0.00,69.93,69.93,70,0,0.00,1.00,1.00,1,0,0.00,0.00,0,0
1520564911,s2-eth1,69.93,0.00,69.93,0,70,1.00,0.00,1.00,0,1,0.00,0.00,0,0
1520564911,lo,535.46,535.46,1070.93,536,536,5.99,5.99,11.99,6,6,0.00,0.00,0,0
1520564911,total,901.10,753.25,1654.35,754,902,10.99,8.99,19.98,9,11,0.00,0.00,0,0
1520564912,s1,0.00,0.00,0.00,0,0,0.00,0.00,0.00,0,0,0.00,0.00,0,0
1520564912,eth0,0.00,60.00,60.00,60,0,0.00,1.00,1.00,1,0,0.00,0.00,0,0
1520564912,eth1,0.00,0.00,0.00,0,0,0.00,0.00,0.00,0,0,0.00,0.00,0,0
1520564912,s2,0.00,0.00,0.00,0,0,0.00,0.00,0.00,0,0,0.00,0.00,0,0
1520564912,s1-eth2,342.00,0.00,342.00,0,342,1.00,0.00,1.00,0,1,0.00,0.00,0,0
1520564912,s1-eth1,0.00,0.00,0.00,0,0,0.00,0.00,0.00,0,0,0.00,0.00,0,0
1520564912,s2-eth2,0.00,0.00,0.00,0,0,0.00,0.00,0.00,0,0,0.00,0.00,0,0
1520564912,s2-eth1,0.00,0.00,0.00,0,0,0.00,0.00,0.00,0,0,0.00,0.00,0,0
1520564912,lo,0.00,0.00,0.00,0,0,0.00,0.00,0.00,0,0,0.00,0.00,0,0
1520564912,total,342.00,60.00,402.00,60,342,1.00,1.00,2.00,1,1,0.00,0.00,0,0
1520564913,s1,0.00,0.00,0.00,0,0,0.00,0.00,0.00,0,0,0.00,0.00,0,0
1520564913,eth0,0.00,120.00,120.00,120,0,0.00,2.00,2.00,2,0,0.00,0.00,0,0
1520564913,eth1,0.00,0.00,0.00,0,0,0.00,0.00,0.00,0,0,0.00,0.00,0,0
1520564913,s2,0.00,0.00,0.00,0,0,0.00,0.00,0.00,0,0,0.00,0.00,0,0
1520564913,s1-eth2,0.00,0.00,0.00,0,0,0.00,0.00,0.00,0,0,0.00,0.00,0,0
1520564913,s1-eth1,342.00,0.00,342.00,0,342,1.00,0.00,1.00,0,1,0.00,0.00,0,0
1520564913,s2-eth2,0.00,0.00,0.00,0,0,0.00,0.00,0.00,0,0,0.00,0.00,0,0
1520564913,s2-eth1,0.00,0.00,0.00,0,0,0.00,0.00,0.00,0,0,0.00,0.00,0,0
1520564913,lo,0.00,0.00,0.00,0,0,0.00,0.00,0.00,0,0,0.00,0.00,0,0
1520564913,total,342.00,120.00,462.00,120,342,1.00,2.00,3.00,2,1,0.00,0.00,0,0
1520564914,s1,0.00,139.72,139.72,140,0,0.00,2.00,2.00,2,0,0.00,0.00,0,0
1520564914,eth0,0.00,59.88,59.88,60,0,0.00,1.00,1.00,1,0,0.00,0.00,0,0
1520564914,eth1,0.00,0.00,0.00,0,0,0.00,0.00,0.00,0,0,0.00,0.00,0,0
1520564914,s2,69.86,69.86,139.72,70,70,1.00,1.00,2.00,1,1,0.00,0.00,0,0
1520564914,s1-eth2,139.72,69.86,209.58,70,140,2.00,1.00,2.99,1,2,0.00,0.00,0,0
1520564914,s1-eth1,139.72,69.86,209.58,70,140,2.00,1.00,2.99,1,2,0.00,0.00,0,0
1520564914,s2-eth2,209.58,0.00,209.58,0,210,2.99,0.00,2.99,0,3,0.00,0.00,0,0
1520564914,s2-eth1,139.72,69.86,209.58,70,140,2.00,1.00,2.99,1,2,0.00,0.00,0,0
1520564914,lo,1069.86,1069.86,2139.72,1072,1072,11.98,11.98,23.95,12,12,0.00,0.00,0,0
1520564914,total,1768.46,1548.90,3317.37,1552,1772,21.96,18.96,40.92,19,22,0.00,0.00,0,0
1520564915,s1,70.00,0.00,70.00,0,70,1.00,0.00,1.00,0,1,0.00,0.00,0,0
1520564915,eth0,0.00,0.00,0.00,0,0,0.00,0.00,0.00,0,0,0.00,0.00,0,0
1520564915,eth1,0.00,0.00,0.00,0,0,0.00,0.00,0.00,0,0,0.00,0.00,0,0
1520564915,s2,0.00,70.00,70.00,70,0,0.00,1.00,1.00,1,0,0.00,0.00,0,0
1520564915,s1-eth2,70.00,0.00,70.00,0,70,1.00,0.00,1.00,0,1,0.00,0.00,0,0
1520564915,s1-eth1,70.00,0.00,70.00,0,70,1.00,0.00,1.00,0,1,0.00,0.00,0,0
1520564915,s2-eth2,0.00,70.00,70.00,70,0,0.00,1.00,1.00,1,0,0.00,0.00,0,0
1520564915,s2-eth1,412.00,0.00,412.00,0,412,2.00,0.00,2.00,0,2,0.00,0.00,0,0
1520564915,lo,536.00,536.00,1072.00,536,536,6.00,6.00,12.00,6,6,0.00,0.00,0,0
1520564915,total,1158.00,676.00,1834.00,676,1158,11.00,8.00,19.00,8,11,0.00,0.00,0,0
1520564916,s1,0.00,0.00,0.00,0,0,0.00,0.00,0.00,0,0,0.00,0.00,0,0
1520564916,eth0,0.00,0.00,0.00,0,0,0.00,0.00,0.00,0,0,0.00,0.00,0,0
1520564916,eth1,0.00,0.00,0.00,0,0,0.00,0.00,0.00,0,0,0.00,0.00,0,0
1520564916,s2,0.00,0.00,0.00,0,0,0.00,0.00,0.00,0,0,0.00,0.00,0,0
1520564916,s1-eth2,0.00,0.00,0.00,0,0,0.00,0.00,0.00,0,0,0.00,0.00,0,0
1520564916,s1-eth1,0.00,0.00,0.00,0,0,0.00,0.00,0.00,0,0,0.00,0.00,0,0
1520564916,s2-eth2,0.00,0.00,0.00,0,0,0.00,0.00,0.00,0,0,0.00,0.00,0,0
1520564916,s2-eth1,0.00,0.00,0.00,0,0,0.00,0.00,0.00,0,0,0.00,0.00,0,0
1520564916,lo,0.00,0.00,0.00,0,0,0.00,0.00,0.00,0,0,0.00,0.00,0,0
1520564916,total,0.00,0.00,0.00,0,0,0.00,0.00,0.00,0,0,0.00,0.00,0,0
1520564917,s1,0.00,0.00,0.00,0,0,0.00,0.00,0.00,0,0,0.00,0.00,0,0
1520564917,eth0,0.00,59.94,59.94,60,0,0.00,1.00,1.00,1,0,0.00,0.00,0,0
1520564917,eth1,0.00,0.00,0.00,0,0,0.00,0.00,0.00,0,0,0.00,0.00,0,0
1520564917,s2,0.00,0.00,0.00,0,0,0.00,0.00,0.00,0,0,0.00,0.00,0,0
1520564917,s1-eth2,0.00,0.00,0.00,0,0,0.00,0.00,0.00,0,0,0.00,0.00,0,0
1520564917,s1-eth1,0.00,0.00,0.00,0,0,0.00,0.00,0.00,0,0,0.00,0.00,0,0
1520564917,s2-eth2,341.66,0.00,341.66,0,342,1.00,0.00,1.00,0,1,0.00,0.00,0,0
1520564917,s2-eth1,0.00,0.00,0.00,0,0,0.00,0.00,0.00,0,0,0.00,0.00,0,0
1520564917,lo,0.00,0.00,0.00,0,0,0.00,0.00,0.00,0,0,0.00,0.00,0,0
1520564917,total,341.66,59.94,401.60,60,342,1.00,1.00,2.00,1,1,0.00,0.00,0,0
1520564918,s1,0.00,0.00,0.00,0,0,0.00,0.00,0.00,0,0,0.00,0.00,0,0
1520564918,eth0,0.00,60.00,60.00,60,0,0.00,1.00,1.00,1,0,0.00,0.00,0,0
1520564918,eth1,0.00,0.00,0.00,0,0,0.00,0.00,0.00,0,0,0.00,0.00,0,0
1520564918,s2,0.00,0.00,0.00,0,0,0.00,0.00,0.00,0,0,0.00,0.00,0,0
1520564918,s1-eth2,0.00,0.00,0.00,0,0,0.00,0.00,0.00,0,0,0.00,0.00,0,0
1520564918,s1-eth1,0.00,0.00,0.00,0,0,0.00,0.00,0.00,0,0,0.00,0.00,0,0
1520564918,s2-eth2,0.00,0.00,0.00,0,0,0.00,0.00,0.00,0,0,0.00,0.00,0,0
1520564918,s2-eth1,0.00,0.00,0.00,0,0,0.00,0.00,0.00,0,0,0.00,0.00,0,0
1520564918,lo,0.00,0.00,0.00,0,0,0.00,0.00,0.00,0,0,0.00,0.00,0,0
1520564918,total,0.00,60.00,60.00,60,0,0.00,1.00,1.00,1,0,0.00,0.00,0,0
1520564919,s1,0.00,0.00,0.00,0,0,0.00,0.00,0.00,0,0,0.00,0.00,0,0
1520564919,eth0,0.00,60.00,60.00,60,0,0.00,1.00,1.00,1,0,0.00,0.00,0,0
1520564919,eth1,0.00,0.00,0.00,0,0,0.00,0.00,0.00,0,0,0.00,0.00,0,0
1520564919,s2,0.00,0.00,0.00,0,0,0.00,0.00,0.00,0,0,0.00,0.00,0,0
1520564919,s1-eth2,0.00,0.00,0.00,0,0,0.00,0.00,0.00,0,0,0.00,0.00,0,0
1520564919,s1-eth1,0.00,0.00,0.00,0,0,0.00,0.00,0.00,0,0,0.00,0.00,0,0
1520564919,s2-eth2,0.00,0.00,0.00,0,0,0.00,0.00,0.00,0,0,0.00,0.00,0,0
1520564919,s2-eth1,0.00,0.00,0.00,0,0,0.00,0.00,0.00,0,0,0.00,0.00,0,0
1520564919,lo,172.00,172.00,344.00,172,172,3.00,3.00,6.00,3,3,0.00,0.00,0,0
1520564919,total,172.00,232.00,404.00,232,172,3.00,4.00,7.00,4,3,0.00,0.00,0,0
1520564920,s1,0.00,0.00,0.00,0,0,0.00,0.00,0.00,0,0,0.00,0.00,0,0
1520564920,eth0,0.00,145.85,145.85,146,0,0.00,2.00,2.00,2,0,0.00,0.00,0,0
1520564920,eth1,0.00,85.91,85.91,86,0,0.00,1.00,1.00,1,0,0.00,0.00,0,0
1520564920,s2,0.00,0.00,0.00,0,0,0.00,0.00,0.00,0,0,0.00,0.00,0,0
1520564920,s1-eth2,341.66,0.00,341.66,0,342,1.00,0.00,1.00,0,1,0.00,0.00,0,0
1520564920,s1-eth1,0.00,0.00,0.00,0,0,0.00,0.00,0.00,0,0,0.00,0.00,0,0
1520564920,s2-eth2,0.00,0.00,0.00,0,0,0.00,0.00,0.00,0,0,0.00,0.00,0,0
1520564920,s2-eth1,0.00,0.00,0.00,0,0,0.00,0.00,0.00,0,0,0.00,0.00,0,0
1520564920,lo,171.83,171.83,343.66,172,172,3.00,3.00,5.99,3,3,0.00,0.00,0,0
1520564920,total,513.49,403.60,917.08,404,514,4.00,5.99,9.99,6,4,0.00,0.00,0,0
1520564921,s1,0.00,0.00,0.00,0,0,0.00,0.00,0.00,0,0,0.00,0.00,0,0
1520564921,eth0,0.00,59.94,59.94,60,0,0.00,1.00,1.00,1,0,0.00,0.00,0,0
1520564921,eth1,0.00,0.00,0.00,0,0,0.00,0.00,0.00,0,0,0.00,0.00,0,0
1520564921,s2,0.00,0.00,0.00,0,0,0.00,0.00,0.00,0,0,0.00,0.00,0,0
1520564921,s1-eth2,0.00,0.00,0.00,0,0,0.00,0.00,0.00,0,0,0.00,0.00,0,0
1520564921,s1-eth1,0.00,0.00,0.00,0,0,0.00,0.00,0.00,0,0,0.00,0.00,0,0
1520564921,s2-eth2,0.00,0.00,0.00,0,0,0.00,0.00,0.00,0,0,0.00,0.00,0,0
1520564921,s2-eth1,0.00,0.00,0.00,0,0,0.00,0.00,0.00,0,0,0.00,0.00,0,0
1520564921,lo,0.00,0.00,0.00,0,0,0.00,0.00,0.00,0,0,0.00,0.00,0,0
1520564921,total,0.00,59.94,59.94,60,0,0.00,1.00,1.00,1,0,0.00,0.00,0,0
1520564922,s1,0.00,0.00,0.00,0,0,0.00,0.00,0.00,0,0,0.00,0.00,0,0
1520564922,eth0,0.00,60.00,60.00,60,0,0.00,1.00,1.00,1,0,0.00,0.00,0,0
1520564922,eth1,0.00,0.00,0.00,0,0,0.00,0.00,0.00,0,0,0.00,0.00,0,0
1520564922,s2,0.00,0.00,0.00,0,0,0.00,0.00,0.00,0,0,0.00,0.00,0,0
1520564922,s1-eth2,0.00,0.00,0.00,0,0,0.00,0.00,0.00,0,0,0.00,0.00,0,0
1520564922,s1-eth1,0.00,0.00,0.00,0,0,0.00,0.00,0.00,0,0,0.00,0.00,0,0
1520564922,s2-eth2,0.00,0.00,0.00,0,0,0.00,0.00,0.00,0,0,0.00,0.00,0,0
1520564922,s2-eth1,0.00,0.00,0.00,0,0,0.00,0.00,0.00,0,0,0.00,0.00,0,0
1520564922,lo,0.00,0.00,0.00,0,0,0.00,0.00,0.00,0,0,0.00,0.00,0,0
1520564922,total,0.00,60.00,60.00,60,0,0.00,1.00,1.00,1,0,0.00,0.00,0,0
1520564923,s1,0.00,0.00,0.00,0,0,0.00,0.00,0.00,0,0,0.00,0.00,0,0
1520564923,eth0,0.00,0.00,0.00,0,0,0.00,0.00,0.00,0,0,0.00,0.00,0,0
1520564923,eth1,0.00,0.00,0.00,0,0,0.00,0.00,0.00,0,0,0.00,0.00,0,0
1520564923,s2,0.00,0.00,0.00,0,0,0.00,0.00,0.00,0,0,0.00,0.00,0,0
1520564923,s1-eth2,0.00,0.00,0.00,0,0,0.00,0.00,0.00,0,0,0.00,0.00,0,0
1520564923,s1-eth1,0.00,0.00,0.00,0,0,0.00,0.00,0.00,0,0,0.00,0.00,0,0
1520564923,s2-eth2,0.00,0.00,0.00,0,0,0.00,0.00,0.00,0,0,0.00,0.00,0,0
1520564923,s2-eth1,342.00,0.00,342.00,0,342,1.00,0.00,1.00,0,1,0.00,0.00,0,0
1520564923,lo,0.00,0.00,0.00,0,0,0.00,0.00,0.00,0,0,0.00,0.00,0,0
1520564923,total,342.00,0.00,342.00,0,342,1.00,0.00,1.00,0,1,0.00,0.00,0,0
1520564924,s1,0.00,0.00,0.00,0,0,0.00,0.00,0.00,0,0,0.00,0.00,0,0
1520564924,eth0,0.00,60.00,60.00,60,0,0.00,1.00,1.00,1,0,0.00,0.00,0,0
1520564924,eth1,0.00,0.00,0.00,0,0,0.00,0.00,0.00,0,0,0.00,0.00,0,0
1520564924,s2,0.00,0.00,0.00,0,0,0.00,0.00,0.00,0,0,0.00,0.00,0,0
1520564924,s1-eth2,0.00,0.00,0.00,0,0,0.00,0.00,0.00,0,0,0.00,0.00,0,0
1520564924,s1-eth1,0.00,0.00,0.00,0,0,0.00,0.00,0.00,0,0,0.00,0.00,0,0
1520564924,s2-eth2,0.00,0.00,0.00,0,0,0.00,0.00,0.00,0,0,0.00,0.00,0,0
1520564924,s2-eth1,0.00,0.00,0.00,0,0,0.00,0.00,0.00,0,0,0.00,0.00,0,0
1520564924,lo,172.00,172.00,344.00,172,172,3.00,3.00,6.00,3,3,0.00,0.00,0,0
1520564924,total,172.00,232.00,404.00,232,172,3.00,4.00,7.00,4,3,0.00,0.00,0,0
1520564925,s1,0.00,0.00,0.00,0,0,0.00,0.00,0.00,0,0,0.00,0.00,0,0
1520564925,eth0,0.00,60.00,60.00,60,0,0.00,1.00,1.00,1,0,0.00,0.00,0,0
1520564925,eth1,0.00,0.00,0.00,0,0,0.00,0.00,0.00,0,0,0.00,0.00,0,0
1520564925,s2,0.00,0.00,0.00,0,0,0.00,0.00,0.00,0,0,0.00,0.00,0,0
1520564925,s1-eth2,0.00,0.00,0.00,0,0,0.00,0.00,0.00,0,0,0.00,0.00,0,0
1520564925,s1-eth1,0.00,0.00,0.00,0,0,0.00,0.00,0.00,0,0,0.00,0.00,0,0
1520564925,s2-eth2,0.00,0.00,0.00,0,0,0.00,0.00,0.00,0,0,0.00,0.00,0,0
1520564925,s2-eth1,0.00,0.00,0.00,0,0,0.00,0.00,0.00,0,0,0.00,0.00,0,0
1520564925,lo,172.00,172.00,344.00,172,172,3.00,3.00,6.00,3,3,0.00,0.00,0,0
1520564925,total,172.00,232.00,404.00,232,172,3.00,4.00,7.00,4,3,0.00,0.00,0,0
1520564926,s1,0.00,42.00,42.00,42,0,0.00,1.00,1.00,1,0,0.00,0.00,0,0
1520564926,eth0,0.00,60.00,60.00,60,0,0.00,1.00,1.00,1,0,0.00,0.00,0,0
1520564926,eth1,0.00,0.00,0.00,0,0,0.00,0.00,0.00,0,0,0.00,0.00,0,0
1520564926,s2,0.00,84.00,84.00,84,0,0.00,2.00,2.00,2,0,0.00,0.00,0,0
1520564926,s1-eth2,10368.00,234066.00,244434.00,234066,10368,132.00,165.00,297.00,165,132,0.00,0.00,0,0
1520564926,s1-eth1,200758.00,10368.00,211126.00,10368,200758,143.00,132.00,275.00,132,143,0.00,0.00,0,0
1520564926,s2-eth2,1316.00,57792.00,59108.00,57792,1316,18.00,42.00,60.00,42,18,0.00,0.00,0,0
1520564926,s2-eth1,41138.00,1316.00,42454.00,1316,41138,31.00,18.00,49.00,18,31,0.00,0.00,0,0
1520564926,lo,4684.00,4684.00,9368.00,4684,4684,41.00,41.00,82.00,41,41,0.00,0.00,0,0
1520564926,total,258264.00,308412.00,566676.00,308412,258264,365.00,402.00,767.00,402,365,0.00,0.00,0,0
1520564927,s1,0.00,42.00,42.00,42,0,0.00,1.00,1.00,1,0,0.00,0.00,0,0
1520564927,eth0,0.00,0.00,0.00,0,0,0.00,0.00,0.00,0,0,0.00,0.00,0,0
1520564927,eth1,0.00,0.00,0.00,0,0,0.00,0.00,0.00,0,0,0.00,0.00,0,0
1520564927,s2,0.00,42.00,42.00,42,0,0.00,1.00,1.00,1,0,0.00,0.00,0,0
1520564927,s1-eth2,12368.00,242282.00,254650.00,242282,12368,156.00,161.00,317.00,161,156,0.00,0.00,0,0
1520564927,s1-eth1,250194.00,12442.00,262636.00,12442,250194,167.00,157.00,324.00,157,167,0.00,0.00,0,0
1520564927,s2-eth2,11190.00,343720.00,354910.00,343720,11190,147.00,228.00,375.00,228,147,0.00,0.00,0,0
1520564927,s2-eth1,242282.00,11190.00,253472.00,11190,242282,161.00,147.00,308.00,147,161,0.00,0.00,0,0
1520564927,lo,480.00,480.00,960.00,480,480,6.00,6.00,12.00,6,6,0.00,0.00,0,0
1520564927,total,516514.00,610198.00,1126712.00,610198,516514,637.00,701.00,1338.00,701,637,0.00,0.00,0,0
1520564928,s1,0.00,42.00,42.00,42,0,0.00,1.00,1.00,1,0,0.00,0.00,0,0
1520564928,eth0,0.00,60.00,60.00,60,0,0.00,1.00,1.00,1,0,0.00,0.00,0,0
1520564928,eth1,0.00,0.00,0.00,0,0,0.00,0.00,0.00,0,0,0.00,0.00,0,0
1520564928,s2,0.00,42.00,42.00,42,0,0.00,1.00,1.00,1,0,0.00,0.00,0,0
1520564928,s1-eth2,12842.00,251366.00,264208.00,251366,12842,163.00,167.00,330.00,167,163,0.00,0.00,0,0
1520564928,s1-eth1,249810.00,12768.00,262578.00,12768,249810,165.00,162.00,327.00,162,165,0.00,0.00,0,0
1520564928,s2-eth2,12808.00,193834.00,206642.00,193834,12808,152.00,129.00,281.00,129,152,0.00,0.00,0,0
1520564928,s2-eth1,249852.00,12808.00,262660.00,12808,249852,166.00,152.00,318.00,152,166,0.00,0.00,0,0
1520564928,lo,480.00,480.00,960.00,480,480,6.00,6.00,12.00,6,6,0.00,0.00,0,0
1520564928,total,525792.00,471400.00,997192.00,471400,525792,652.00,619.00,1271.00,619,652,0.00,0.00,0,0
1520564929,s1,0.00,42.00,42.00,42,0,0.00,1.00,1.00,1,0,0.00,0.00,0,0
1520564929,eth0,0.00,60.00,60.00,60,0,0.00,1.00,1.00,1,0,0.00,0.00,0,0
1520564929,eth1,0.00,0.00,0.00,0,0,0.00,0.00,0.00,0,0,0.00,0.00,0,0
1520564929,s2,0.00,42.00,42.00,42,0,0.00,1.00,1.00,1,0,0.00,0.00,0,0
1520564929,s1-eth2,12008.00,264992.00,277000.00,264992,12008,160.00,176.00,336.00,176,160,0.00,0.00,0,0
1520564929,s1-eth1,249852.00,12008.00,261860.00,12008,249852,166.00,160.00,326.00,160,166,0.00,0.00,0,0
1520564929,s2-eth2,13146.00,225628.00,238774.00,225628,13146,159.00,150.00,309.00,150,159,0.00,0.00,0,0
1520564929,s2-eth1,249852.00,13146.00,262998.00,13146,249852,166.00,159.00,325.00,159,166,0.00,0.00,0,0
1520564929,lo,480.00,480.00,960.00,480,480,6.00,6.00,12.00,6,6,0.00,0.00,0,0
1520564929,total,525338.00,516398.00,1041736.00,516398,525338,657.00,654.00,1311.00,654,657,0.00,0.00,0,0
1520564930,s1,0.00,42.00,42.00,42,0,0.00,1.00,1.00,1,0,0.00,0.00,0,0
1520564930,eth0,0.00,60.00,60.00,60,0,0.00,1.00,1.00,1,0,0.00,0.00,0,0
1520564930,eth1,0.00,0.00,0.00,0,0,0.00,0.00,0.00,0,0,0.00,0.00,0,0
1520564930,s2,0.00,42.00,42.00,42,0,0.00,1.00,1.00,1,0,0.00,0.00,0,0
1520564930,s1-eth2,12296.00,246824.00,259120.00,246824,12296,160.00,164.00,324.00,164,160,0.00,0.00,0,0
1520564930,s1-eth1,249852.00,12296.00,262148.00,12296,249852,166.00,160.00,326.00,160,166,0.00,0.00,0,0
1520564930,s2-eth2,9546.00,172638.00,182184.00,172638,9546,115.00,115.00,230.00,115,115,0.00,0.00,0,0
1520564930,s2-eth1,184750.00,9546.00,194296.00,9546,184750,123.00,115.00,238.00,115,123,0.00,0.00,0,0
1520564930,lo,480.00,480.00,960.00,480,480,6.00,6.00,12.00,6,6,0.00,0.00,0,0
1520564930,total,456924.00,441928.00,898852.00,441928,456924,570.00,563.00,1133.00,563,570,0.00,0.00,0,0
1520564931,s1,0.00,42.00,42.00,42,0,0.00,1.00,1.00,1,0,0.00,0.00,0,0
1520564931,eth0,0.00,60.00,60.00,60,0,0.00,1.00,1.00,1,0,0.00,0.00,0,0
1520564931,eth1,0.00,0.00,0.00,0,0,0.00,0.00,0.00,0,0,0.00,0.00,0,0
1520564931,s2,0.00,42.00,42.00,42,0,0.00,1.00,1.00,1,0,0.00,0.00,0,0
1520564931,s1-eth2,12118.00,254394.00,266512.00,254394,12118,157.00,169.00,326.00,169,157,0.00,0.00,0,0
1520564931,s1-eth1,249810.00,12118.00,261928.00,12118,249810,165.00,157.00,322.00,157,165,0.00,0.00,0,0
1520564931,s2-eth2,6560.00,122676.00,129236.00,122676,6560,82.00,82.00,164.00,82,82,0.00,0.00,0,0
1520564931,s2-eth1,119990.00,6560.00,126550.00,6560,119990,81.00,82.00,163.00,82,81,0.00,0.00,0,0
1520564931,lo,480.00,480.00,960.00,480,480,6.00,6.00,12.00,6,6,0.00,0.00,0,0
1520564931,total,388958.00,396372.00,785330.00,396372,388958,491.00,499.00,990.00,499,491,0.00,0.00,0,0
1520564932,s1,0.00,0.00,0.00,0,0,0.00,0.00,0.00,0,0,0.00,0.00,0,0
1520564932,eth0,0.00,60.00,60.00,60,0,0.00,1.00,1.00,1,0,0.00,0.00,0,0
1520564932,eth1,0.00,0.00,0.00,0,0,0.00,0.00,0.00,0,0,0.00,0.00,0,0
1520564932,s2,0.00,0.00,0.00,0,0,0.00,0.00,0.00,0,0,0.00,0.00,0,0
1520564932,s1-eth2,12546.00,258894.00,271440.00,258894,12546,165.00,171.00,336.00,171,165,0.00,0.00,0,0
1520564932,s1-eth1,249810.00,12546.00,262356.00,12546,249810,165.00,165.00,330.00,165,165,0.00,0.00,0,0
1520564932,s2-eth2,4030.00,81756.00,85786.00,81756,4030,51.00,54.00,105.00,54,51,0.00,0.00,0,0
1520564932,s2-eth1,90840.00,4030.00,94870.00,4030,90840,60.00,51.00,111.00,51,60,0.00,0.00,0,0
1520564932,lo,0.00,0.00,0.00,0,0,0.00,0.00,0.00,0,0,0.00,0.00,0,0
1520564932,total,357226.00,357286.00,714512.00,357286,357226,441.00,442.00,883.00,442,441,0.00,0.00,0,0
1520564933,s1,0.00,0.00,0.00,0,0,0.00,0.00,0.00,0,0,0.00,0.00,0,0
1520564933,eth0,0.00,60.00,60.00,60,0,0.00,1.00,1.00,1,0,0.00,0.00,0,0
1520564933,eth1,0.00,0.00,0.00,0,0,0.00,0.00,0.00,0,0,0.00,0.00,0,0
1520564933,s2,0.00,0.00,0.00,0,0,0.00,0.00,0.00,0,0,0.00,0.00,0,0
1520564933,s1-eth2,12592.00,255866.00,268458.00,255866,12592,162.00,169.00,331.00,169,162,0.00,0.00,0,0
1520564933,s1-eth1,251324.00,12250.00,263574.00,12250,251324,166.00,161.00,327.00,161,166,0.00,0.00,0,0
1520564933,s2-eth2,4440.00,102952.00,107392.00,102952,4440,60.00,68.00,128.00,68,60,0.00,0.00,0,0
1520564933,s2-eth1,92354.00,4440.00,96794.00,4440,92354,61.00,60.00,121.00,60,61,0.00,0.00,0,0
1520564933,lo,0.00,0.00,0.00,0,0,0.00,0.00,0.00,0,0,0.00,0.00,0,0
1520564933,total,360710.00,375568.00,736278.00,375568,360710,449.00,459.00,908.00,459,449,0.00,0.00,0,0
1520564934,s1,0.00,0.00,0.00,0,0,0.00,0.00,0.00,0,0,0.00,0.00,0,0
1520564934,eth0,0.00,0.00,0.00,0,0,0.00,0.00,0.00,0,0,0.00,0.00,0,0
1520564934,eth1,0.00,0.00,0.00,0,0,0.00,0.00,0.00,0,0,0.00,0.00,0,0
1520564934,s2,0.00,0.00,0.00,0,0,0.00,0.00,0.00,0,0,0.00,0.00,0,0
1520564934,s1-eth2,12066.00,255866.00,267932.00,255866,12066,159.00,169.00,328.00,169,159,0.00,0.00,0,0
1520564934,s1-eth1,249810.00,12066.00,261876.00,12066,249810,165.00,159.00,324.00,159,165,0.00,0.00,0,0
1520564934,s2-eth2,3588.00,95382.00,98970.00,95382,3588,46.00,63.00,109.00,63,46,0.00,0.00,0,0
1520564934,s2-eth1,98410.00,3588.00,101998.00,3588,98410,65.00,46.00,111.00,46,65,0.00,0.00,0,0
1520564934,lo,0.00,0.00,0.00,0,0,0.00,0.00,0.00,0,0,0.00,0.00,0,0
1520564934,total,363874.00,366902.00,730776.00,366902,363874,435.00,437.00,872.00,437,435,0.00,0.00,0,0
1520564935,s1,0.00,0.00,0.00,0,0,0.00,0.00,0.00,0,0,0.00,0.00,0,0
1520564935,eth0,0.00,60.00,60.00,60,0,0.00,1.00,1.00,1,0,0.00,0.00,0,0
1520564935,eth1,0.00,0.00,0.00,0,0,0.00,0.00,0.00,0,0,0.00,0.00,0,0
1520564935,s2,0.00,0.00,0.00,0,0,0.00,0.00,0.00,0,0,0.00,0.00,0,0
1520564935,s1-eth2,12350.00,252838.00,265188.00,252838,12350,159.00,167.00,326.00,167,159,0.00,0.00,0,0
1520564935,s1-eth1,249810.00,12350.00,262160.00,12350,249810,165.00,159.00,324.00,159,165,0.00,0.00,0,0
1520564935,s2-eth2,5376.00,112036.00,117412.00,112036,5376,66.00,74.00,140.00,74,66,0.00,0.00,0,0
1520564935,s2-eth1,102952.00,5034.00,107986.00,5034,102952,68.00,65.00,133.00,65,68,0.00,0.00,0,0
1520564935,lo,344.00,344.00,688.00,344,344,6.00,6.00,12.00,6,6,0.00,0.00,0,0
1520564935,total,370832.00,382662.00,753494.00,382662,370832,464.00,472.00,936.00,472,464,0.00,0.00,0,0
1520564936,s1,0.00,0.00,0.00,0,0,0.00,0.00,0.00,0,0,0.00,0.00,0,0
1520564936,eth0,0.00,60.00,60.00,60,0,0.00,1.00,1.00,1,0,0.00,0.00,0,0
1520564936,eth1,0.00,0.00,0.00,0,0,0.00,0.00,0.00,0,0,0.00,0.00,0,0
1520564936,s2,0.00,0.00,0.00,0,0,0.00,0.00,0.00,0,0,0.00,0.00,0,0
1520564936,s1-eth2,12480.00,257380.00,269860.00,257380,12480,162.00,170.00,332.00,170,162,0.00,0.00,0,0
1520564936,s1-eth1,249810.00,12480.00,262290.00,12480,249810,165.00,162.00,327.00,162,165,0.00,0.00,0,0
1520564936,s2-eth2,3520.00,107536.00,111056.00,107536,3520,48.00,72.00,120.00,72,48,0.00,0.00,0,0
1520564936,s2-eth1,106022.00,3520.00,109542.00,3520,106022,71.00,48.00,119.00,48,71,0.00,0.00,0,0
1520564936,lo,592.00,592.00,1184.00,592,592,6.00,6.00,12.00,6,6,0.00,0.00,0,0
1520564936,total,372424.00,381568.00,753992.00,381568,372424,452.00,459.00,911.00,459,452,0.00,0.00,0,0
1520564937,s1,0.00,0.00,0.00,0,0,0.00,0.00,0.00,0,0,0.00,0.00,0,0
1520564937,eth0,0.00,60.00,60.00,60,0,0.00,1.00,1.00,1,0,0.00,0.00,0,0
1520564937,eth1,0.00,0.00,0.00,0,0,0.00,0.00,0.00,0,0,0.00,0.00,0,0
1520564937,s2,0.00,0.00,0.00,0,0,0.00,0.00,0.00,0,0,0.00,0.00,0,0
1520564937,s1-eth2,12238.00,261922.00,274160.00,261922,12238,161.00,173.00,334.00,173,161,0.00,0.00,0,0
1520564937,s1-eth1,249810.00,12324.00,262134.00,12324,249810,165.00,162.00,327.00,162,165,0.00,0.00,0,0
1520564937,s2-eth2,4140.00,101438.00,105578.00,101438,4140,54.00,67.00,121.00,67,54,0.00,0.00,0,0
1520564937,s2-eth1,107494.00,4140.00,111634.00,4140,107494,71.00,54.00,125.00,54,71,0.00,0.00,0,0
1520564937,lo,0.00,0.00,0.00,0,0,0.00,0.00,0.00,0,0,0.00,0.00,0,0
1520564937,total,373682.00,379884.00,753566.00,379884,373682,451.00,457.00,908.00,457,451,0.00,0.00,0,0
1520564938,s1,0.00,0.00,0.00,0,0,0.00,0.00,0.00,0,0,0.00,0.00,0,0
1520564938,eth0,0.00,0.00,0.00,0,0,0.00,0.00,0.00,0,0,0.00,0.00,0,0
1520564938,eth1,0.00,0.00,0.00,0,0,0.00,0.00,0.00,0,0,0.00,0.00,0,0
1520564938,s2,0.00,0.00,0.00,0,0,0.00,0.00,0.00,0,0,0.00,0.00,0,0
1520564938,s1-eth2,12190.00,249810.00,262000.00,249810,12190,161.00,165.00,326.00,165,161,0.00,0.00,0,0
1520564938,s1-eth1,251324.00,12104.00,263428.00,12104,251324,166.00,160.00,326.00,160,166,0.00,0.00,0,0
1520564938,s2-eth2,4078.00,105980.00,110058.00,105980,4078,53.00,70.00,123.00,70,53,0.00,0.00,0,0
1520564938,s2-eth1,98410.00,4078.00,102488.00,4078,98410,65.00,53.00,118.00,53,65,0.00,0.00,0,0
1520564938,lo,0.00,0.00,0.00,0,0,0.00,0.00,0.00,0,0,0.00,0.00,0,0
1520564938,total,366002.00,371972.00,737974.00,371972,366002,445.00,448.00,893.00,448,445,0.00,0.00,0,0
1520564939,s1,0.00,0.00,0.00,0,0,0.00,0.00,0.00,0,0,0.00,0.00,0,0
1520564939,eth0,0.00,0.00,0.00,0,0,0.00,0.00,0.00,0,0,0.00,0.00,0,0
1520564939,eth1,0.00,0.00,0.00,0,0,0.00,0.00,0.00,0,0,0.00,0.00,0,0
1520564939,s2,0.00,0.00,0.00,0,0,0.00,0.00,0.00,0,0,0.00,0.00,0,0
1520564939,s1-eth2,12110.00,260408.00,272518.00,260408,12110,159.00,172.00,331.00,172,159,0.00,0.00,0,0
1520564939,s1-eth1,249810.00,12110.00,261920.00,12110,249810,165.00,159.00,324.00,159,165,0.00,0.00,0,0
1520564939,s2-eth2,4670.00,102952.00,107622.00,102952,4670,61.00,68.00,129.00,68,61,0.00,0.00,0,0
1520564939,s2-eth1,104466.00,4670.00,109136.00,4670,104466,69.00,61.00,130.00,61,69,0.00,0.00,0,0
1520564939,lo,0.00,0.00,0.00,0,0,0.00,0.00,0.00,0,0,0.00,0.00,0,0
1520564939,total,371056.00,380140.00,751196.00,380140,371056,454.00,460.00,914.00,460,454,0.00,0.00,0,0
1520564940,s1,0.00,0.00,0.00,0,0,0.00,0.00,0.00,0,0,0.00,0.00,0,0
1520564940,eth0,0.00,60.00,60.00,60,0,0.00,1.00,1.00,1,0,0.00,0.00,0,0
1520564940,eth1,0.00,0.00,0.00,0,0,0.00,0.00,0.00,0,0,0.00,0.00,0,0
1520564940,s2,0.00,0.00,0.00,0,0,0.00,0.00,0.00,0,0,0.00,0.00,0,0
1520564940,s1-eth2,12152.00,258894.00,271046.00,258894,12152,160.00,171.00,331.00,171,160,0.00,0.00,0,0
1520564940,s1-eth1,249810.00,12152.00,261962.00,12152,249810,165.00,160.00,325.00,160,165,0.00,0.00,0,0
1520564940,s2-eth2,4736.00,116578.00,121314.00,116578,4736,64.00,77.00,141.00,77,64,0.00,0.00,0,0
1520564940,s2-eth1,118092.00,4736.00,122828.00,4736,118092,78.00,64.00,142.00,64,78,0.00,0.00,0,0
1520564940,lo,344.00,344.00,688.00,344,344,6.00,6.00,12.00,6,6,0.00,0.00,0,0
1520564940,total,385134.00,392764.00,777898.00,392764,385134,473.00,479.00,952.00,479,473,0.00,0.00,0,0
1520564941,s1,0.00,0.00,0.00,0,0,0.00,0.00,0.00,0,0,0.00,0.00,0,0
1520564941,eth0,0.00,60.00,60.00,60,0,0.00,1.00,1.00,1,0,0.00,0.00,0,0
1520564941,eth1,0.00,0.00,0.00,0,0,0.00,0.00,0.00,0,0,0.00,0.00,0,0
1520564941,s2,0.00,0.00,0.00,0,0,0.00,0.00,0.00,0,0,0.00,0.00,0,0
1520564941,s1-eth2,12576.00,252838.00,265414.00,252838,12576,162.00,167.00,329.00,167,162,0.00,0.00,0,0
1520564941,s1-eth1,250152.00,12576.00,262728.00,12576,250152,166.00,162.00,328.00,162,166,0.00,0.00,0,0
1520564941,s2-eth2,5890.00,131718.00,137608.00,131718,5890,77.00,87.00,164.00,87,77,0.00,0.00,0,0
1520564941,s2-eth1,124490.00,5890.00,130380.00,5890,124490,83.00,77.00,160.00,77,83,0.00,0.00,0,0
1520564941,lo,0.00,0.00,0.00,0,0,0.00,0.00,0.00,0,0,0.00,0.00,0,0
1520564941,total,393108.00,403082.00,796190.00,403082,393108,488.00,494.00,982.00,494,488,0.00,0.00,0,0
1520564942,s1,0.00,0.00,0.00,0,0,0.00,0.00,0.00,0,0,0.00,0.00,0,0
1520564942,eth0,0.00,59.94,59.94,60,0,0.00,1.00,1.00,1,0,0.00,0.00,0,0
1520564942,eth1,0.00,0.00,0.00,0,0,0.00,0.00,0.00,0,0,0.00,0.00,0,0
1520564942,s2,0.00,0.00,0.00,0,0,0.00,0.00,0.00,0,0,0.00,0.00,0,0
1520564942,s1-eth2,12367.63,260147.86,272515.50,260408,12380,161.84,171.83,333.67,172,162,0.00,0.00,0,0
1520564942,s1-eth1,249560.45,12367.63,261928.08,12380,249810,164.84,161.84,326.67,162,165,0.00,0.00,0,0
1520564942,s2-eth2,4543.46,128561.45,133104.91,128690,4548,59.94,84.92,144.86,85,60,0.00,0.00,0,0
1520564942,s2-eth1,133098.91,4543.46,137642.36,4548,133232,87.91,59.94,147.85,60,88,0.00,0.00,0,0
1520564942,lo,0.00,0.00,0.00,0,0,0.00,0.00,0.00,0,0,0.00,0.00,0,0
1520564942,total,399570.44,405680.34,805250.75,406086,399970,474.53,479.52,954.05,480,475,0.00,0.00,0,0
1520564943,s1,0.00,0.00,0.00,0,0,0.00,0.00,0.00,0,0,0.00,0.00,0,0
1520564943,eth0,0.00,60.00,60.00,60,0,0.00,1.00,1.00,1,0,0.00,0.00,0,0
1520564943,eth1,0.00,0.00,0.00,0,0,0.00,0.00,0.00,0,0,0.00,0.00,0,0
1520564943,s2,0.00,0.00,0.00,0,0,0.00,0.00,0.00,0,0,0.00,0.00,0,0
1520564943,s1-eth2,12278.00,255866.00,268144.00,255866,12278,159.00,169.00,328.00,169,159,0.00,0.00,0,0
1520564943,s1-eth1,249810.00,12278.00,262088.00,12278,249810,165.00,159.00,324.00,159,165,0.00,0.00,0,0
1520564943,s2-eth2,4736.00,95382.00,100118.00,95382,4736,58.00,63.00,121.00,63,58,0.00,0.00,0,0
1520564943,s2-eth1,89326.00,4736.00,94062.00,4736,89326,59.00,58.00,117.00,58,59,0.00,0.00,0,0
1520564943,lo,0.00,0.00,0.00,0,0,0.00,0.00,0.00,0,0,0.00,0.00,0,0
1520564943,total,356150.00,368322.00,724472.00,368322,356150,441.00,450.00,891.00,450,441,0.00,0.00,0,0
1520564944,s1,0.00,0.00,0.00,0,0,0.00,0.00,0.00,0,0,0.00,0.00,0,0
1520564944,eth0,0.00,60.00,60.00,60,0,0.00,1.00,1.00,1,0,0.00,0.00,0,0
1520564944,eth1,0.00,0.00,0.00,0,0,0.00,0.00,0.00,0,0,0.00,0.00,0,0
1520564944,s2,0.00,0.00,0.00,0,0,0.00,0.00,0.00,0,0,0.00,0.00,0,0
1520564944,s1-eth2,12368.00,257380.00,269748.00,257380,12368,160.00,170.00,330.00,170,160,0.00,0.00,0,0
1520564944,s1-eth1,249810.00,12368.00,262178.00,12368,249810,165.00,160.00,325.00,160,165,0.00,0.00,0,0
1520564944,s2-eth2,3598.00,75700.00,79298.00,75700,3598,47.00,50.00,97.00,50,47,0.00,0.00,0,0
1520564944,s2-eth1,78728.00,3598.00,82326.00,3598,78728,52.00,47.00,99.00,47,52,0.00,0.00,0,0
1520564944,lo,0.00,0.00,0.00,0,0,0.00,0.00,0.00,0,0,0.00,0.00,0,0
1520564944,total,344504.00,349106.00,693610.00,349106,344504,424.00,428.00,852.00,428,424,0.00,0.00,0,0
1520564945,s1,0.00,0.00,0.00,0,0,0.00,0.00,0.00,0,0,0.00,0.00,0,0
1520564945,eth0,0.00,275.00,275.00,275,0,0.00,2.00,2.00,2,0,0.00,0.00,0,0
1520564945,eth1,0.00,0.00,0.00,0,0,0.00,0.00,0.00,0,0,0.00,0.00,0,0
1520564945,s2,0.00,0.00,0.00,0,0,0.00,0.00,0.00,0,0,0.00,0.00,0,0
1520564945,s1-eth2,12098.00,261922.00,274020.00,261922,12098,157.00,173.00,330.00,173,157,0.00,0.00,0,0
1520564945,s1-eth1,249810.00,12098.00,261908.00,12098,249810,165.00,157.00,322.00,157,165,0.00,0.00,0,0
1520564945,s2-eth2,3602.00,71158.00,74760.00,71158,3602,45.00,47.00,92.00,47,45,0.00,0.00,0,0
1520564945,s2-eth1,63588.00,3602.00,67190.00,3602,63588,42.00,45.00,87.00,45,42,0.00,0.00,0,0
1520564945,lo,344.00,344.00,688.00,344,344,6.00,6.00,12.00,6,6,0.00,0.00,0,0
1520564945,total,329442.00,349399.00,678841.00,349399,329442,415.00,430.00,845.00,430,415,0.00,0.00,0,0
1520564946,s1,0.00,0.00,0.00,0,0,0.00,0.00,0.00,0,0,0.00,0.00,0,0
1520564946,eth0,0.00,0.00,0.00,0,0,0.00,0.00,0.00,0,0,0.00,0.00,0,0
1520564946,eth1,0.00,0.00,0.00,0,0,0.00,0.00,0.00,0,0,0.00,0.00,0,0
1520564946,s2,0.00,0.00,0.00,0,0,0.00,0.00,0.00,0,0,0.00,0.00,0,0
1520564946,s1-eth2,12359.64,258635.38,270995.00,258894,12372,161.84,170.83,332.67,171,162,0.00,0.00,0,0
1520564946,s1-eth1,249560.45,12433.57,261994.02,12446,249810,164.84,162.84,327.67,163,165,0.00,0.00,0,0
1520564946,s2-eth2,3222.78,75624.38,78847.16,75700,3226,40.96,49.95,90.91,50,41,0.00,0.00,0,0
1520564946,s2-eth1,69574.43,3222.78,72797.20,3226,69644,45.95,40.96,86.91,41,46,0.00,0.00,0,0
1520564946,lo,0.00,0.00,0.00,0,0,0.00,0.00,0.00,0,0,0.00,0.00,0,0
1520564946,total,334717.28,349916.09,684633.38,350266,335052,413.59,424.58,838.16,425,414,0.00,0.00,0,0
1520564947,s1,0.00,0.00,0.00,0,0,0.00,0.00,0.00,0,0,0.00,0.00,0,0
1520564947,eth0,0.00,60.00,60.00,60,0,0.00,1.00,1.00,1,0,0.00,0.00,0,0
1520564947,eth1,0.00,0.00,0.00,0,0,0.00,0.00,0.00,0,0,0.00,0.00,0,0
1520564947,s2,0.00,0.00,0.00,0,0,0.00,0.00,0.00,0,0,0.00,0.00,0,0
1520564947,s1-eth2,12638.00,258894.00,271532.00,258894,12638,163.00,171.00,334.00,171,163,0.00,0.00,0,0
1520564947,s1-eth1,251324.00,12222.00,263546.00,12222,251324,166.00,161.00,327.00,161,166,0.00,0.00,0,0
1520564947,s2-eth2,2294.00,81756.00,84050.00,81756,2294,31.00,54.00,85.00,54,31,0.00,0.00,0,0
1520564947,s2-eth1,87812.00,2294.00,90106.00,2294,87812,58.00,31.00,89.00,31,58,0.00,0.00,0,0
1520564947,lo,0.00,0.00,0.00,0,0,0.00,0.00,0.00,0,0,0.00,0.00,0,0
1520564947,total,354068.00,355226.00,709294.00,355226,354068,418.00,418.00,836.00,418,418,0.00,0.00,0,0
1520564948,s1,0.00,0.00,0.00,0,0,0.00,0.00,0.00,0,0,0.00,0.00,0,0
1520564948,eth0,0.00,60.00,60.00,60,0,0.00,1.00,1.00,1,0,0.00,0.00,0,0
1520564948,eth1,0.00,0.00,0.00,0,0,0.00,0.00,0.00,0,0,0.00,0.00,0,0
1520564948,s2,0.00,0.00,0.00,0,0,0.00,0.00,0.00,0,0,0.00,0.00,0,0
1520564948,s1-eth2,12192.00,254352.00,266544.00,254352,12192,158.00,168.00,326.00,168,158,0.00,0.00,0,0
1520564948,s1-eth1,249810.00,12192.00,262002.00,12192,249810,165.00,158.00,323.00,158,165,0.00,0.00,0,0
1520564948,s2-eth2,3894.00,99924.00,103818.00,99924,3894,49.00,66.00,115.00,66,49,0.00,0.00,0,0
1520564948,s2-eth1,93868.00,3552.00,97420.00,3552,93868,62.00,48.00,110.00,48,62,0.00,0.00,0,0
1520564948,lo,0.00,0.00,0.00,0,0,0.00,0.00,0.00,0,0,0.00,0.00,0,0
1520564948,total,359764.00,370080.00,729844.00,370080,359764,434.00,441.00,875.00,441,434,0.00,0.00,0,0
1520564949,s1,0.00,0.00,0.00,0,0,0.00,0.00,0.00,0,0,0.00,0.00,0,0
1520564949,eth0,0.00,60.00,60.00,60,0,0.00,1.00,1.00,1,0,0.00,0.00,0,0
1520564949,eth1,0.00,0.00,0.00,0,0,0.00,0.00,0.00,0,0,0.00,0.00,0,0
1520564949,s2,0.00,0.00,0.00,0,0,0.00,0.00,0.00,0,0,0.00,0.00,0,0
1520564949,s1-eth2,11992.00,258894.00,270886.00,258894,11992,158.00,171.00,329.00,171,158,0.00,0.00,0,0
1520564949,s1-eth1,249810.00,11992.00,261802.00,11992,249810,165.00,158.00,323.00,158,165,0.00,0.00,0,0
1520564949,s2-eth2,4358.00,96896.00,101254.00,96896,4358,55.00,64.00,119.00,64,55,0.00,0.00,0,0
1520564949,s2-eth1,95382.00,4358.00,99740.00,4358,95382,63.00,55.00,118.00,55,63,0.00,0.00,0,0
1520564949,lo,0.00,0.00,0.00,0,0,0.00,0.00,0.00,0,0,0.00,0.00,0,0
1520564949,total,361542.00,372200.00,733742.00,372200,361542,441.00,449.00,890.00,449,441,0.00,0.00,0,0
1520564950,s1,0.00,0.00,0.00,0,0,0.00,0.00,0.00,0,0,0.00,0.00,0,0
1520564950,eth0,0.00,86.00,86.00,86,0,0.00,1.00,1.00,1,0,0.00,0.00,0,0
1520564950,eth1,0.00,86.00,86.00,86,0,0.00,1.00,1.00,1,0,0.00,0.00,0,0
1520564950,s2,0.00,0.00,0.00,0,0,0.00,0.00,0.00,0,0,0.00,0.00,0,0
1520564950,s1-eth2,12288.00,254352.00,266640.00,254352,12288,162.00,168.00,330.00,168,162,0.00,0.00,0,0
1520564950,s1-eth1,249810.00,12288.00,262098.00,12288,249810,165.00,162.00,327.00,162,165,0.00,0.00,0,0
1520564950,s2-eth2,3792.00,72672.00,76464.00,72672,3792,48.00,48.00,96.00,48,48,0.00,0.00,0,0
1520564950,s2-eth1,71158.00,3792.00,74950.00,3792,71158,47.00,48.00,95.00,48,47,0.00,0.00,0,0
1520564950,lo,344.00,344.00,688.00,344,344,6.00,6.00,12.00,6,6,0.00,0.00,0,0
1520564950,total,337392.00,343620.00,681012.00,343620,337392,428.00,434.00,862.00,434,428,0.00,0.00,0,0
1520564951,s1,0.00,0.00,0.00,0,0,0.00,0.00,0.00,0,0,0.00,0.00,0,0
1520564951,eth0,0.00,60.00,60.00,60,0,0.00,1.00,1.00,1,0,0.00,0.00,0,0
1520564951,eth1,0.00,0.00,0.00,0,0,0.00,0.00,0.00,0,0,0.00,0.00,0,0
1520564951,s2,0.00,0.00,0.00,0,0,0.00,0.00,0.00,0,0,0.00,0.00,0,0
1520564951,s1-eth2,12098.00,245268.00,257366.00,245268,12098,155.00,162.00,317.00,162,155,0.00,0.00,0,0
1520564951,s1-eth1,240726.00,12098.00,252824.00,12098,240726,159.00,155.00,314.00,155,159,0.00,0.00,0,0
1520564951,s2-eth2,2708.00,54504.00,57212.00,54504,2708,34.00,36.00,70.00,36,34,0.00,0.00,0,0
1520564951,s2-eth1,52990.00,2708.00,55698.00,2708,52990,35.00,34.00,69.00,34,35,0.00,0.00,0,0
1520564951,lo,0.00,0.00,0.00,0,0,0.00,0.00,0.00,0,0,0.00,0.00,0,0
1520564951,total,308522.00,314638.00,623160.00,314638,308522,383.00,388.00,771.00,388,383,0.00,0.00,0,0
1520564952,s1,0.00,0.00,0.00,0,0,0.00,0.00,0.00,0,0,0.00,0.00,0,0
1520564952,eth0,0.00,59.94,59.94,60,0,0.00,1.00,1.00,1,0,0.00,0.00,0,0
1520564952,eth1,0.00,0.00,0.00,0,0,0.00,0.00,0.00,0,0,0.00,0.00,0,0
1520564952,s2,0.00,0.00,0.00,0,0,0.00,0.00,0.00,0,0,0.00,0.00,0,0
1520564952,s1-eth2,12235.76,258635.38,270871.12,258894,12248,159.84,170.83,330.67,171,160,0.00,0.00,0,0
1520564952,s1-eth1,251072.94,12309.69,263382.62,12322,251324,165.83,160.84,326.67,161,166,0.00,0.00,0,0
1520564952,s2-eth2,2365.63,60499.50,62865.14,60560,2368,31.97,39.96,71.93,40,32,0.00,0.00,0,0
1520564952,s2-eth1,58987.02,2365.63,61352.65,2368,59046,38.96,31.97,70.93,32,39,0.00,0.00,0,0
1520564952,lo,0.00,0.00,0.00,0,0,0.00,0.00,0.00,0,0,0.00,0.00,0,0
1520564952,total,324661.34,333870.12,658531.50,334204,324986,396.60,404.60,801.20,405,397,0.00,0.00,0,0
1520564953,s1,0.00,0.00,0.00,0,0,0.00,0.00,0.00,0,0,0.00,0.00,0,0
1520564953,eth0,596.00,738.00,1334.00,738,596,6.00,6.00,12.00,6,6,0.00,0.00,0,0
1520564953,eth1,0.00,0.00,0.00,0,0,0.00,0.00,0.00,0,0,0.00,0.00,0,0
1520564953,s2,0.00,0.00,0.00,0,0,0.00,0.00,0.00,0,0,0.00,0.00,0,0
1520564953,s1-eth2,12758.00,257380.00,270138.00,257380,12758,163.00,170.00,333.00,170,163,0.00,0.00,0,0
1520564953,s1-eth1,248896.00,12158.00,261054.00,12158,248896,168.00,159.00,327.00,159,168,0.00,0.00,0,0
1520564953,s2-eth2,3452.00,60560.00,64012.00,60560,3452,40.00,40.00,80.00,40,40,0.00,0.00,0,0
1520564953,s2-eth1,59556.00,2930.00,62486.00,2930,59556,42.00,37.00,79.00,37,42,0.00,0.00,0,0
1520564953,lo,682.00,682.00,1364.00,682,682,8.00,8.00,16.00,8,8,0.00,0.00,0,0
1520564953,total,325940.00,334448.00,660388.00,334448,325940,427.00,420.00,847.00,420,427,0.00,0.00,0,0
1520564954,s1,0.00,0.00,0.00,0,0,0.00,0.00,0.00,0,0,0.00,0.00,0,0
1520564954,eth0,768.00,1200.00,1968.00,1200,768,8.00,9.00,17.00,9,8,0.00,0.00,0,0
1520564954,eth1,0.00,0.00,0.00,0,0,0.00,0.00,0.00,0,0,0.00,0.00,0,0
1520564954,s2,0.00,0.00,0.00,0,0,0.00,0.00,0.00,0,0,0.00,0.00,0,0
1520564954,s1-eth2,12394.00,257380.00,269774.00,257380,12394,161.00,170.00,331.00,170,161,0.00,0.00,0,0
1520564954,s1-eth1,249970.00,12160.00,262130.00,12160,249970,167.00,158.00,325.00,158,167,0.00,0.00,0,0
1520564954,s2-eth2,2902.00,74186.00,77088.00,74186,2902,39.00,49.00,88.00,49,39,0.00,0.00,0,0
1520564954,s2-eth1,69894.00,2824.00,72718.00,2824,69894,49.00,38.00,87.00,38,49,0.00,0.00,0,0
1520564954,lo,1364.00,1364.00,2728.00,1364,1364,16.00,16.00,32.00,16,16,0.00,0.00,0,0
1520564954,total,337292.00,349114.00,686406.00,349114,337292,440.00,440.00,880.00,440,440,0.00,0.00,0,0
1520564955,s1,0.00,0.00,0.00,0,0,0.00,0.00,0.00,0,0,0.00,0.00,0,0
1520564955,eth0,192.00,345.00,537.00,345,192,2.00,3.00,5.00,3,2,0.00,0.00,0,0
1520564955,eth1,0.00,0.00,0.00,0,0,0.00,0.00,0.00,0,0,0.00,0.00,0,0
1520564955,s2,0.00,0.00,0.00,0,0,0.00,0.00,0.00,0,0,0.00,0.00,0,0
1520564955,s1-eth2,12290.00,255866.00,268156.00,255866,12290,161.00,169.00,330.00,169,161,0.00,0.00,0,0
1520564955,s1-eth1,251414.00,12200.00,263614.00,12200,251414,167.00,160.00,327.00,160,167,0.00,0.00,0,0
1520564955,s2-eth2,3638.00,92354.00,95992.00,92354,3638,49.00,61.00,110.00,61,49,0.00,0.00,0,0
1520564955,s2-eth1,89758.00,3478.00,93236.00,3478,89758,61.00,47.00,108.00,47,61,0.00,0.00,0,0
1520564955,lo,685.00,685.00,1370.00,685,685,10.00,10.00,20.00,10,10,0.00,0.00,0,0
1520564955,total,357977.00,364928.00,722905.00,364928,357977,450.00,450.00,900.00,450,450,0.00,0.00,0,0
1520564956,s1,0.00,0.00,0.00,0,0,0.00,0.00,0.00,0,0,0.00,0.00,0,0
1520564956,eth0,192.00,345.00,537.00,345,192,2.00,3.00,5.00,3,2,0.00,0.00,0,0
1520564956,eth1,0.00,0.00,0.00,0,0,0.00,0.00,0.00,0,0,0.00,0.00,0,0
1520564956,s2,0.00,0.00,0.00,0,0,0.00,0.00,0.00,0,0,0.00,0.00,0,0
1520564956,s1-eth2,12190.00,258894.00,271084.00,258894,12190,159.00,171.00,330.00,171,159,0.00,0.00,0,0
1520564956,s1-eth1,250152.00,11922.00,262074.00,11922,250152,166.00,159.00,325.00,159,166,0.00,0.00,0,0
1520564956,s2-eth2,4288.00,99924.00,104212.00,99924,4288,52.00,66.00,118.00,66,52,0.00,0.00,0,0
1520564956,s2-eth1,93868.00,3856.00,97724.00,3856,93868,62.00,50.00,112.00,50,62,0.00,0.00,0,0
1520564956,lo,341.00,341.00,682.00,341,341,4.00,4.00,8.00,4,4,0.00,0.00,0,0
1520564956,total,361031.00,375282.00,736313.00,375282,361031,445.00,453.00,898.00,453,445,0.00,0.00,0,0
1520564957,s1,0.00,0.00,0.00,0,0,0.00,0.00,0.00,0,0,0.00,0.00,0,0
1520564957,eth0,0.00,0.00,0.00,0,0,0.00,0.00,0.00,0,0,0.00,0.00,0,0
1520564957,eth1,0.00,0.00,0.00,0,0,0.00,0.00,0.00,0,0,0.00,0.00,0,0
1520564957,s2,0.00,0.00,0.00,0,0,0.00,0.00,0.00,0,0,0.00,0.00,0,0
1520564957,s1-eth2,12256.00,252880.00,265136.00,252880,12256,162.00,168.00,330.00,168,162,0.00,0.00,0,0
1520564957,s1-eth1,249852.00,12182.00,262034.00,12182,249852,166.00,161.00,327.00,161,166,0.00,0.00,0,0
1520564957,s2-eth2,3696.00,80242.00,83938.00,80242,3696,48.00,53.00,101.00,53,48,0.00,0.00,0,0
1520564957,s2-eth1,92354.00,3696.00,96050.00,3696,92354,61.00,48.00,109.00,48,61,0.00,0.00,0,0
1520564957,lo,296.00,296.00,592.00,296,296,3.00,3.00,6.00,3,3,0.00,0.00,0,0
1520564957,total,358454.00,349296.00,707750.00,349296,358454,440.00,433.00,873.00,433,440,0.00,0.00,0,0
1520564958,s1,0.00,0.00,0.00,0,0,0.00,0.00,0.00,0,0,0.00,0.00,0,0
1520564958,eth0,146.00,198.00,344.00,198,146,2.00,3.00,5.00,3,2,0.00,0.00,0,0
1520564958,eth1,0.00,0.00,0.00,0,0,0.00,0.00,0.00,0,0,0.00,0.00,0,0
1520564958,s2,0.00,0.00,0.00,0,0,0.00,0.00,0.00,0,0,0.00,0.00,0,0
1520564958,s1-eth2,12656.00,252838.00,265494.00,252838,12656,162.00,167.00,329.00,167,162,0.00,0.00,0,0
1520564958,s1-eth1,249880.00,12586.00,262466.00,12586,249880,166.00,161.00,327.00,161,166,0.00,0.00,0,0
1520564958,s2-eth2,3462.00,95382.00,98844.00,95382,3462,45.00,63.00,108.00,63,45,0.00,0.00,0,0
1520564958,s2-eth1,80312.00,3462.00,83774.00,3462,80312,54.00,45.00,99.00,45,54,0.00,0.00,0,0
1520564958,lo,0.00,0.00,0.00,0,0,0.00,0.00,0.00,0,0,0.00,0.00,0,0
1520564958,total,346456.00,364466.00,710922.00,364466,346456,429.00,439.00,868.00,439,429,0.00,0.00,0,0
1520564959,s1,0.00,0.00,0.00,0,0,0.00,0.00,0.00,0,0,0.00,0.00,0,0
1520564959,eth0,0.00,60.00,60.00,60,0,0.00,1.00,1.00,1,0,0.00,0.00,0,0
1520564959,eth1,0.00,0.00,0.00,0,0,0.00,0.00,0.00,0,0,0.00,0.00,0,0
1520564959,s2,0.00,0.00,0.00,0,0,0.00,0.00,0.00,0,0,0.00,0.00,0,0
1520564959,s1-eth2,12218.00,257380.00,269598.00,257380,12218,159.00,170.00,329.00,170,159,0.00,0.00,0,0
1520564959,s1-eth1,249810.00,12218.00,262028.00,12218,249810,165.00,159.00,324.00,159,165,0.00,0.00,0,0
1520564959,s2-eth2,3538.00,60560.00,64098.00,60560,3538,41.00,40.00,81.00,40,41,0.00,0.00,0,0
1520564959,s2-eth1,72672.00,3126.00,75798.00,3126,72672,48.00,39.00,87.00,39,48,0.00,0.00,0,0
1520564959,lo,0.00,0.00,0.00,0,0,0.00,0.00,0.00,0,0,0.00,0.00,0,0
1520564959,total,338238.00,333344.00,671582.00,333344,338238,413.00,409.00,822.00,409,413,0.00,0.00,0,0
1520564960,s1,0.00,0.00,0.00,0,0,0.00,0.00,0.00,0,0,0.00,0.00,0,0
1520564960,eth0,0.00,60.00,60.00,60,0,0.00,1.00,1.00,1,0,0.00,0.00,0,0
1520564960,eth1,0.00,0.00,0.00,0,0,0.00,0.00,0.00,0,0,0.00,0.00,0,0
1520564960,s2,0.00,0.00,0.00,0,0,0.00,0.00,0.00,0,0,0.00,0.00,0,0
1520564960,s1-eth2,12466.00,263436.00,275902.00,263436,12466,157.00,174.00,331.00,174,157,0.00,0.00,0,0
1520564960,s1-eth1,248296.00,12198.00,260494.00,12198,248296,164.00,157.00,321.00,157,164,0.00,0.00,0,0
1520564960,s2-eth2,1998.00,72672.00,74670.00,72672,1998,27.00,48.00,75.00,48,27,0.00,0.00,0,0
1520564960,s2-eth1,63588.00,1998.00,65586.00,1998,63588,42.00,27.00,69.00,27,42,0.00,0.00,0,0
1520564960,lo,172.00,172.00,344.00,172,172,3.00,3.00,6.00,3,3,0.00,0.00,0,0
1520564960,total,326520.00,350536.00,677056.00,350536,326520,393.00,410.00,803.00,410,393,0.00,0.00,0,0
1520564961,s1,0.00,0.00,0.00,0,0,0.00,0.00,0.00,0,0,0.00,0.00,0,0
1520564961,eth0,0.00,0.00,0.00,0,0,0.00,0.00,0.00,0,0,0.00,0.00,0,0
1520564961,eth1,0.00,0.00,0.00,0,0,0.00,0.00,0.00,0,0,0.00,0.00,0,0
1520564961,s2,0.00,0.00,0.00,0,0,0.00,0.00,0.00,0,0,0.00,0.00,0,0
1520564961,s1-eth2,12220.00,263436.00,275656.00,263436,12220,160.00,174.00,334.00,174,160,0.00,0.00,0,0
1520564961,s1-eth1,251324.00,12220.00,263544.00,12220,251324,166.00,160.00,326.00,160,166,0.00,0.00,0,0
1520564961,s2-eth2,2146.00,83270.00,85416.00,83270,2146,29.00,55.00,84.00,55,29,0.00,0.00,0,0
1520564961,s2-eth1,89326.00,2146.00,91472.00,2146,89326,59.00,29.00,88.00,29,59,0.00,0.00,0,0
1520564961,lo,0.00,0.00,0.00,0,0,0.00,0.00,0.00,0,0,0.00,0.00,0,0
1520564961,total,355016.00,361072.00,716088.00,361072,355016,414.00,418.00,832.00,418,414,0.00,0.00,0,0
1520564962,s1,0.00,0.00,0.00,0,0,0.00,0.00,0.00,0,0,0.00,0.00,0,0
1520564962,eth0,0.00,0.00,0.00,0,0,0.00,0.00,0.00,0,0,0.00,0.00,0,0
1520564962,eth1,0.00,0.00,0.00,0,0,0.00,0.00,0.00,0,0,0.00,0.00,0,0
1520564962,s2,0.00,0.00,0.00,0,0,0.00,0.00,0.00,0,0,0.00,0.00,0,0
1520564962,s1-eth2,12499.50,246535.47,259034.97,246782,12512,161.84,162.84,324.68,163,162,0.00,0.00,0,0
1520564962,s1-eth1,249972.03,12441.56,262413.59,12454,250222,166.83,160.84,327.67,161,167,0.00,0.00,0,0
1520564962,s2-eth2,4535.46,86211.79,90747.26,86298,4540,53.95,56.94,110.89,57,54,0.00,0.00,0,0
1520564962,s2-eth1,75694.30,4193.81,79888.12,4198,75770,50.95,52.95,103.90,53,51,0.00,0.00,0,0
1520564962,lo,171.83,171.83,343.66,172,172,3.00,3.00,5.99,3,3,0.00,0.00,0,0
1520564962,total,342873.12,349554.47,692427.56,349904,343216,436.56,436.56,873.13,437,437,0.00,0.00,0,0
1520564963,s1,0.00,0.00,0.00,0,0,0.00,0.00,0.00,0,0,0.00,0.00,0,0
1520564963,eth0,0.00,60.00,60.00,60,0,0.00,1.00,1.00,1,0,0.00,0.00,0,0
1520564963,eth1,0.00,0.00,0.00,0,0,0.00,0.00,0.00,0,0,0.00,0.00,0,0
1520564963,s2,0.00,0.00,0.00,0,0,0.00,0.00,0.00,0,0,0.00,0.00,0,0
1520564963,s1-eth2,11970.00,264950.00,276920.00,264950,11970,157.00,175.00,332.00,175,157,0.00,0.00,0,0
1520564963,s1-eth1,248296.00,11884.00,260180.00,11884,248296,164.00,156.00,320.00,156,164,0.00,0.00,0,0
1520564963,s2-eth2,3076.00,74186.00,77262.00,74186,3076,40.00,49.00,89.00,49,40,0.00,0.00,0,0
1520564963,s2-eth1,78728.00,3006.00,81734.00,3006,78728,52.00,39.00,91.00,39,52,0.00,0.00,0,0
1520564963,lo,0.00,0.00,0.00,0,0,0.00,0.00,0.00,0,0,0.00,0.00,0,0
1520564963,total,342070.00,354086.00,696156.00,354086,342070,413.00,420.00,833.00,420,413,0.00,0.00,0,0
1520564964,s1,0.00,0.00,0.00,0,0,0.00,0.00,0.00,0,0,0.00,0.00,0,0
1520564964,eth0,0.00,60.00,60.00,60,0,0.00,1.00,1.00,1,0,0.00,0.00,0,0
1520564964,eth1,0.00,0.00,0.00,0,0,0.00,0.00,0.00,0,0,0.00,0.00,0,0
1520564964,s2,0.00,0.00,0.00,0,0,0.00,0.00,0.00,0,0,0.00,0.00,0,0
1520564964,s1-eth2,12036.00,257380.00,269416.00,257380,12036,156.00,170.00,326.00,170,156,0.00,0.00,0,0
1520564964,s1-eth1,249810.00,12036.00,261846.00,12036,249810,165.00,156.00,321.00,156,165,0.00,0.00,0,0
1520564964,s2-eth2,2842.00,80242.00,83084.00,80242,2842,37.00,53.00,90.00,53,37,0.00,0.00,0,0
1520564964,s2-eth1,80584.00,2842.00,83426.00,2842,80584,54.00,37.00,91.00,37,54,0.00,0.00,0,0
1520564964,lo,0.00,0.00,0.00,0,0,0.00,0.00,0.00,0,0,0.00,0.00,0,0
1520564964,total,345272.00,352560.00,697832.00,352560,345272,412.00,417.00,829.00,417,412,0.00,0.00,0,0
1520564965,s1,0.00,0.00,0.00,0,0,0.00,0.00,0.00,0,0,0.00,0.00,0,0
1520564965,eth0,0.00,60.00,60.00,60,0,0.00,1.00,1.00,1,0,0.00,0.00,0,0
1520564965,eth1,0.00,0.00,0.00,0,0,0.00,0.00,0.00,0,0,0.00,0.00,0,0
1520564965,s2,0.00,0.00,0.00,0,0,0.00,0.00,0.00,0,0,0.00,0.00,0,0
1520564965,s1-eth2,12346.00,258894.00,271240.00,258894,12346,161.00,171.00,332.00,171,161,0.00,0.00,0,0
1520564965,s1-eth1,249810.00,12346.00,262156.00,12346,249810,165.00,161.00,326.00,161,165,0.00,0.00,0,0
1520564965,s2-eth2,3476.00,83270.00,86746.00,83270,3476,46.00,55.00,101.00,55,46,0.00,0.00,0,0
1520564965,s2-eth1,78728.00,3476.00,82204.00,3476,78728,52.00,46.00,98.00,46,52,0.00,0.00,0,0
1520564965,lo,172.00,172.00,344.00,172,172,3.00,3.00,6.00,3,3,0.00,0.00,0,0
1520564965,total,344532.00,358218.00,702750.00,358218,344532,427.00,437.00,864.00,437,427,0.00,0.00,0,0
1520564966,s1,0.00,0.00,0.00,0,0,0.00,0.00,0.00,0,0,0.00,0.00,0,0
1520564966,eth0,0.00,60.00,60.00,60,0,0.00,1.00,1.00,1,0,0.00,0.00,0,0
1520564966,eth1,0.00,0.00,0.00,0,0,0.00,0.00,0.00,0,0,0.00,0.00,0,0
1520564966,s2,0.00,0.00,0.00,0,0,0.00,0.00,0.00,0,0,0.00,0.00,0,0
1520564966,s1-eth2,12504.00,254352.00,266856.00,254352,12504,162.00,168.00,330.00,168,162,0.00,0.00,0,0
1520564966,s1-eth1,249810.00,12578.00,262388.00,12578,249810,165.00,163.00,328.00,163,165,0.00,0.00,0,0
1520564966,s2-eth2,3658.00,84784.00,88442.00,84784,3658,47.00,56.00,103.00,56,47,0.00,0.00,0,0
1520564966,s2-eth1,81756.00,3744.00,85500.00,3744,81756,54.00,48.00,102.00,48,54,0.00,0.00,0,0
1520564966,lo,0.00,0.00,0.00,0,0,0.00,0.00,0.00,0,0,0.00,0.00,0,0
1520564966,total,347728.00,355518.00,703246.00,355518,347728,428.00,436.00,864.00,436,428,0.00,0.00,0,0
1520564967,s1,0.00,0.00,0.00,0,0,0.00,0.00,0.00,0,0,0.00,0.00,0,0
1520564967,eth0,0.00,60.00,60.00,60,0,0.00,1.00,1.00,1,0,0.00,0.00,0,0
1520564967,eth1,0.00,0.00,0.00,0,0,0.00,0.00,0.00,0,0,0.00,0.00,0,0
1520564967,s2,0.00,0.00,0.00,0,0,0.00,0.00,0.00,0,0,0.00,0.00,0,0
1520564967,s1-eth2,12288.00,258894.00,271182.00,258894,12288,162.00,171.00,333.00,171,162,0.00,0.00,0,0
1520564967,s1-eth1,251324.00,12288.00,263612.00,12288,251324,166.00,162.00,328.00,162,166,0.00,0.00,0,0
1520564967,s2-eth2,3284.00,52990.00,56274.00,52990,3284,38.00,35.00,73.00,35,38,0.00,0.00,0,0
1520564967,s2-eth1,54504.00,2856.00,57360.00,2856,54504,36.00,36.00,72.00,36,36,0.00,0.00,0,0
1520564967,lo,172.00,172.00,344.00,172,172,3.00,3.00,6.00,3,3,0.00,0.00,0,0
1520564967,total,321572.00,327260.00,648832.00,327260,321572,405.00,408.00,813.00,408,405,0.00,0.00,0,0
1520564968,s1,0.00,0.00,0.00,0,0,0.00,0.00,0.00,0,0,0.00,0.00,0,0
1520564968,eth0,0.00,60.00,60.00,60,0,0.00,1.00,1.00,1,0,0.00,0.00,0,0
1520564968,eth1,0.00,0.00,0.00,0,0,0.00,0.00,0.00,0,0,0.00,0.00,0,0
1520564968,s2,0.00,0.00,0.00,0,0,0.00,0.00,0.00,0,0,0.00,0.00,0,0
1520564968,s1-eth2,12714.00,260408.00,273122.00,260408,12714,161.00,172.00,333.00,172,161,0.00,0.00,0,0
1520564968,s1-eth1,249810.00,12640.00,262450.00,12640,249810,165.00,160.00,325.00,160,165,0.00,0.00,0,0
1520564968,s2-eth2,1664.00,39364.00,41028.00,39364,1664,22.00,26.00,48.00,26,22,0.00,0.00,0,0
1520564968,s2-eth1,39364.00,1664.00,41028.00,1664,39364,26.00,22.00,48.00,22,26,0.00,0.00,0,0
1520564968,lo,0.00,0.00,0.00,0,0,0.00,0.00,0.00,0,0,0.00,0.00,0,0
1520564968,total,303552.00,314136.00,617688.00,314136,303552,374.00,381.00,755.00,381,374,0.00,0.00,0,0
1520564969,s1,0.00,0.00,0.00,0,0,0.00,0.00,0.00,0,0,0.00,0.00,0,0
1520564969,eth0,0.00,0.00,0.00,0,0,0.00,0.00,0.00,0,0,0.00,0.00,0,0
1520564969,eth1,0.00,0.00,0.00,0,0,0.00,0.00,0.00,0,0,0.00,0.00,0,0
1520564969,s2,0.00,0.00,0.00,0,0,0.00,0.00,0.00,0,0,0.00,0.00,0,0
1520564969,s1-eth2,12361.64,266197.81,278559.44,266464,12374,162.84,175.82,338.66,176,163,0.00,0.00,0,0
1520564969,s1-eth1,249560.45,12361.64,261922.08,12374,249810,164.84,162.84,327.67,163,165,0.00,0.00,0,0
1520564969,s2-eth2,1920.08,52937.06,54857.14,52990,1922,24.98,34.97,59.94,35,25,0.00,0.00,0,0
1520564969,s2-eth1,45374.62,1920.08,47294.71,1922,45420,29.97,24.98,54.95,25,30,0.00,0.00,0,0
1520564969,lo,0.00,0.00,0.00,0,0,0.00,0.00,0.00,0,0,0.00,0.00,0,0
1520564969,total,309216.78,333416.59,642633.38,333750,309526,382.62,398.60,781.22,399,383,0.00,0.00,0,0
1520564970,s1,0.00,0.00,0.00,0,0,0.00,0.00,0.00,0,0,0.00,0.00,0,0
1520564970,eth0,0.00,60.00,60.00,60,0,0.00,1.00,1.00,1,0,0.00,0.00,0,0
1520564970,eth1,0.00,0.00,0.00,0,0,0.00,0.00,0.00,0,0,0.00,0.00,0,0
1520564970,s2,0.00,0.00,0.00,0,0,0.00,0.00,0.00,0,0,0.00,0.00,0,0
1520564970,s1-eth2,12776.00,254352.00,267128.00,254352,12776,160.00,168.00,328.00,168,160,0.00,0.00,0,0
1520564970,s1-eth1,249810.00,12434.00,262244.00,12434,249810,165.00,159.00,324.00,159,165,0.00,0.00,0,0
1520564970,s2-eth2,2378.00,48448.00,50826.00,48448,2378,31.00,32.00,63.00,32,31,0.00,0.00,0,0
1520564970,s2-eth1,54504.00,2526.00,57030.00,2526,54504,36.00,33.00,69.00,33,36,0.00,0.00,0,0
1520564970,lo,172.00,172.00,344.00,172,172,3.00,3.00,6.00,3,3,0.00,0.00,0,0
1520564970,total,319640.00,317992.00,637632.00,317992,319640,395.00,396.00,791.00,396,395,0.00,0.00,0,0
1520564971,s1,0.00,0.00,0.00,0,0,0.00,0.00,0.00,0,0,0.00,0.00,0,0
1520564971,eth0,0.00,60.00,60.00,60,0,0.00,1.00,1.00,1,0,0.00,0.00,0,0
1520564971,eth1,0.00,0.00,0.00,0,0,0.00,0.00,0.00,0,0,0.00,0.00,0,0
1520564971,s2,0.00,0.00,0.00,0,0,0.00,0.00,0.00,0,0,0.00,0.00,0,0
1520564971,s1-eth2,12248.00,260408.00,272656.00,260408,12248,160.00,172.00,332.00,172,160,0.00,0.00,0,0
1520564971,s1-eth1,249810.00,12248.00,262058.00,12248,249810,165.00,160.00,325.00,160,165,0.00,0.00,0,0
1520564971,s2-eth2,2040.00,75742.00,77782.00,75742,2040,28.00,51.00,79.00,51,28,0.00,0.00,0,0
1520564971,s2-eth1,69686.00,1892.00,71578.00,1892,69686,47.00,26.00,73.00,26,47,0.00,0.00,0,0
1520564971,lo,0.00,0.00,0.00,0,0,0.00,0.00,0.00,0,0,0.00,0.00,0,0
1520564971,total,333784.00,350350.00,684134.00,350350,333784,400.00,410.00,810.00,410,400,0.00,0.00,0,0
1520564972,s1,0.00,0.00,0.00,0,0,0.00,0.00,0.00,0,0,0.00,0.00,0,0
1520564972,eth0,0.00,60.00,60.00,60,0,0.00,1.00,1.00,1,0,0.00,0.00,0,0
1520564972,eth1,0.00,0.00,0.00,0,0,0.00,0.00,0.00,0,0,0.00,0.00,0,0
1520564972,s2,0.00,0.00,0.00,0,0,0.00,0.00,0.00,0,0,0.00,0.00,0,0
1520564972,s1-eth2,12368.00,258894.00,271262.00,258894,12368,162.00,171.00,333.00,171,162,0.00,0.00,0,0
1520564972,s1-eth1,249810.00,12368.00,262178.00,12368,249810,165.00,162.00,327.00,162,165,0.00,0.00,0,0
1520564972,s2-eth2,2932.00,80242.00,83174.00,80242,2932,38.00,53.00,91.00,53,38,0.00,0.00,0,0
1520564972,s2-eth1,77214.00,2932.00,80146.00,2932,77214,51.00,38.00,89.00,38,51,0.00,0.00,0,0
1520564972,lo,172.00,172.00,344.00,172,172,3.00,3.00,6.00,3,3,0.00,0.00,0,0
1520564972,total,342496.00,354668.00,697164.00,354668,342496,419.00,428.00,847.00,428,419,0.00,0.00,0,0
1520564973,s1,0.00,0.00,0.00,0,0,0.00,0.00,0.00,0,0,0.00,0.00,0,0
1520564973,eth0,0.00,0.00,0.00,0,0,0.00,0.00,0.00,0,0,0.00,0.00,0,0
1520564973,eth1,0.00,0.00,0.00,0,0,0.00,0.00,0.00,0,0,0.00,0.00,0,0
1520564973,s2,0.00,0.00,0.00,0,0,0.00,0.00,0.00,0,0,0.00,0.00,0,0
1520564973,s1-eth2,12362.00,252838.00,265200.00,252838,12362,163.00,167.00,330.00,167,163,0.00,0.00,0,0
1520564973,s1-eth1,249810.00,12436.00,262246.00,12436,249810,165.00,164.00,329.00,164,165,0.00,0.00,0,0
1520564973,s2-eth2,3734.00,80242.00,83976.00,80242,3734,49.00,53.00,102.00,53,49,0.00,0.00,0,0
1520564973,s2-eth1,78728.00,3734.00,82462.00,3734,78728,52.00,49.00,101.00,49,52,0.00,0.00,0,0
1520564973,lo,0.00,0.00,0.00,0,0,0.00,0.00,0.00,0,0,0.00,0.00,0,0
1520564973,total,344634.00,349250.00,693884.00,349250,344634,429.00,433.00,862.00,433,429,0.00,0.00,0,0
1520564974,s1,0.00,0.00,0.00,0,0,0.00,0.00,0.00,0,0,0.00,0.00,0,0
1520564974,eth0,0.00,60.00,60.00,60,0,0.00,1.00,1.00,1,0,0.00,0.00,0,0
1520564974,eth1,0.00,0.00,0.00,0,0,0.00,0.00,0.00,0,0,0.00,0.00,0,0
1520564974,s2,0.00,0.00,0.00,0,0,0.00,0.00,0.00,0,0,0.00,0.00,0,0
1520564974,s1-eth2,12312.00,251324.00,263636.00,251324,12312,162.00,166.00,328.00,166,162,0.00,0.00,0,0
1520564974,s1-eth1,250152.00,12238.00,262390.00,12238,250152,166.00,161.00,327.00,161,166,0.00,0.00,0,0
1520564974,s2-eth2,3768.00,90840.00,94608.00,90840,3768,46.00,60.00,106.00,60,46,0.00,0.00,0,0
1520564974,s2-eth1,90840.00,3426.00,94266.00,3426,90840,60.00,45.00,105.00,45,60,0.00,0.00,0,0
1520564974,lo,0.00,0.00,0.00,0,0,0.00,0.00,0.00,0,0,0.00,0.00,0,0
1520564974,total,357072.00,357888.00,714960.00,357888,357072,434.00,433.00,867.00,433,434,0.00,0.00,0,0
1520564975,s1,0.00,0.00,0.00,0,0,0.00,0.00,0.00,0,0,0.00,0.00,0,0
1520564975,eth0,0.00,60.00,60.00,60,0,0.00,1.00,1.00,1,0,0.00,0.00,0,0
1520564975,eth1,0.00,0.00,0.00,0,0,0.00,0.00,0.00,0,0,0.00,0.00,0,0
1520564975,s2,0.00,0.00,0.00,0,0,0.00,0.00,0.00,0,0,0.00,0.00,0,0
1520564975,s1-eth2,12326.00,260408.00,272734.00,260408,12326,159.00,172.00,331.00,172,159,0.00,0.00,0,0
1520564975,s1-eth1,249810.00,12400.00,262210.00,12400,249810,165.00,160.00,325.00,160,165,0.00,0.00,0,0
1520564975,s2-eth2,3818.00,86298.00,90116.00,86298,3818,49.00,57.00,106.00,57,49,0.00,0.00,0,0
1520564975,s2-eth1,87812.00,3818.00,91630.00,3818,87812,58.00,49.00,107.00,49,58,0.00,0.00,0,0
1520564975,lo,172.00,172.00,344.00,172,172,3.00,3.00,6.00,3,3,0.00,0.00,0,0
1520564975,total,353938.00,363156.00,717094.00,363156,353938,434.00,442.00,876.00,442,434,0.00,0.00,0,0
1520564976,s1,0.00,0.00,0.00,0,0,0.00,0.00,0.00,0,0,0.00,0.00,0,0
1520564976,eth0,0.00,60.00,60.00,60,0,0.00,1.00,1.00,1,0,0.00,0.00,0,0
1520564976,eth1,0.00,0.00,0.00,0,0,0.00,0.00,0.00,0,0,0.00,0.00,0,0
1520564976,s2,0.00,0.00,0.00,0,0,0.00,0.00,0.00,0,0,0.00,0.00,0,0
1520564976,s1-eth2,12544.00,257380.00,269924.00,257380,12544,164.00,170.00,334.00,170,164,0.00,0.00,0,0
1520564976,s1-eth1,249810.00,12470.00,262280.00,12470,249810,165.00,163.00,328.00,163,165,0.00,0.00,0,0
1520564976,s2-eth2,3774.00,105980.00,109754.00,105980,3774,51.00,70.00,121.00,70,51,0.00,0.00,0,0
1520564976,s2-eth1,99924.00,3774.00,103698.00,3774,99924,66.00,51.00,117.00,51,66,0.00,0.00,0,0
1520564976,lo,0.00,0.00,0.00,0,0,0.00,0.00,0.00,0,0,0.00,0.00,0,0
1520564976,total,364593.62,378151.41,742745.06,379664,366052,444.22,453.19,897.41,455,446,0.00,0.00,0,0
1520564977,s1,0.00,0.00,0.00,0,0,0.00,0.00,0.00,0,0,0.00,0.00,0,0
1520564977,eth0,0.00,59.76,59.76,60,0,0.00,1.00,1.00,1,0,0.00,0.00,0,0
1520564977,eth1,340.64,587.65,928.29,590,342,1.00,1.00,1.99,1,1,0.00,0.00,0,0
1520564977,s2,0.00,0.00,0.00,0,0,0.00,0.00,0.00,0,0,0.00,0.00,0,0
1520564977,s1-eth2,12350.60,257862.56,270213.16,258894,12400,159.36,170.32,329.68,171,160,0.00,0.00,0,0
1520564977,s1-eth1,250322.72,12350.60,262673.31,12400,251324,165.34,159.36,324.70,160,166,0.00,0.00,0,0
1520564977,s2-eth2,3996.02,87462.16,91458.17,87812,4012,49.80,57.77,107.57,58,50,0.00,0.00,0,0
1520564977,s2-eth1,85954.19,3996.02,89950.20,4012,86298,56.77,49.80,106.57,50,57,0.00,0.00,0,0
1520564977,lo,172.00,172.00,344.00,172,172,3.00,3.00,6.00,3,3,0.00,0.00,0,0
1520564977,total,354548.00,363940.00,718488.00,363940,354548,437.00,444.00,881.00,444,437,0.00,0.00,0,0
1520564978,s1,0.00,0.00,0.00,0,0,0.00,0.00,0.00,0,0,0.00,0.00,0,0
1520564978,eth0,0.00,60.00,60.00,60,0,0.00,1.00,1.00,1,0,0.00,0.00,0,0
1520564978,eth1,0.00,0.00,0.00,0,0,0.00,0.00,0.00,0,0,0.00,0.00,0,0
1520564978,s2,0.00,0.00,0.00,0,0,0.00,0.00,0.00,0,0,0.00,0.00,0,0
1520564978,s1-eth2,12372.00,258894.00,271266.00,258894,12372,162.00,171.00,333.00,171,162,0.00,0.00,0,0
1520564978,s1-eth1,249810.00,12372.00,262182.00,12372,249810,165.00,162.00,327.00,162,165,0.00,0.00,0,0
1520564978,s2-eth2,2166.00,40878.00,43044.00,40878,2166,27.00,27.00,54.00,27,27,0.00,0.00,0,0
1520564978,s2-eth1,37850.00,2166.00,40016.00,2166,37850,25.00,27.00,52.00,27,25,0.00,0.00,0,0
1520564978,lo,0.00,0.00,0.00,0,0,0.00,0.00,0.00,0,0,0.00,0.00,0,0
1520564978,total,302198.00,314370.00,616568.00,314370,302198,379.00,388.00,767.00,388,379,0.00,0.00,0,0
1520564979,s1,0.00,0.00,0.00,0,0,0.00,0.00,0.00,0,0,0.00,0.00,0,0
1520564979,eth0,0.00,60.00,60.00,60,0,0.00,1.00,1.00,1,0,0.00,0.00,0,0
1520564979,eth1,0.00,0.00,0.00,0,0,0.00,0.00,0.00,0,0,0.00,0.00,0,0
1520564979,s2,0.00,0.00,0.00,0,0,0.00,0.00,0.00,0,0,0.00,0.00,0,0
1520564979,s1-eth2,11900.00,252838.00,264738.00,252838,11900,154.00,167.00,321.00,167,154,0.00,0.00,0,0
1520564979,s1-eth1,249810.00,11974.00,261784.00,11974,249810,165.00,155.00,320.00,155,165,0.00,0.00,0,0
1520564979,s2-eth2,1392.00,30280.00,31672.00,30280,1392,18.00,20.00,38.00,20,18,0.00,0.00,0,0
1520564979,s2-eth1,34822.00,1392.00,36214.00,1392,34822,23.00,18.00,41.00,18,23,0.00,0.00,0,0
1520564979,lo,0.00,0.00,0.00,0,0,0.00,0.00,0.00,0,0,0.00,0.00,0,0
1520564979,total,297924.00,296544.00,594468.00,296544,297924,360.00,361.00,721.00,361,360,0.00,0.00,0,0
1520564980,s1,0.00,0.00,0.00,0,0,0.00,0.00,0.00,0,0,0.00,0.00,0,0
1520564980,eth0,0.00,85.91,85.91,86,0,0.00,1.00,1.00,1,0,0.00,0.00,0,0
1520564980,eth1,0.00,85.91,85.91,86,0,0.00,1.00,1.00,1,0,0.00,0.00,0,0
1520564980,s2,0.00,0.00,0.00,0,0,0.00,0.00,0.00,0,0,0.00,0.00,0,0
1520564980,s1-eth2,11706.29,258635.38,270341.66,258894,11718,152.85,170.83,323.68,171,153,0.00,0.00,0,0
1520564980,s1-eth1,245022.98,11632.37,256655.36,11644,245268,161.84,151.85,313.69,152,162,0.00,0.00,0,0
1520564980,s2-eth2,1848.15,57474.53,59322.68,57532,1850,24.98,37.96,62.94,38,25,0.00,0.00,0,0
1520564980,s2-eth1,51424.58,1848.15,53272.73,1850,51476,33.97,24.98,58.94,25,34,0.00,0.00,0,0
1520564980,lo,171.83,171.83,343.66,172,172,3.00,3.00,5.99,3,3,0.00,0.00,0,0
1520564980,total,310173.84,329934.06,640107.94,330264,310484,376.62,390.61,767.23,391,377,0.00,0.00,0,0
1520564981,s1,0.00,0.00,0.00,0,0,0.00,0.00,0.00,0,0,0.00,0.00,0,0
1520564981,eth0,0.00,60.00,60.00,60,0,0.00,1.00,1.00,1,0,0.00,0.00,0,0
1520564981,eth1,0.00,0.00,0.00,0,0,0.00,0.00,0.00,0,0,0.00,0.00,0,0
1520564981,s2,0.00,0.00,0.00,0,0,0.00,0.00,0.00,0,0,0.00,0.00,0,0
1520564981,s1-eth2,12006.00,258894.00,270900.00,258894,12006,159.00,171.00,330.00,171,159,0.00,0.00,0,0
1520564981,s1-eth1,248296.00,12006.00,260302.00,12006,248296,164.00,159.00,323.00,159,164,0.00,0.00,0,0
1520564981,s2-eth2,2018.00,48448.00,50466.00,48448,2018,25.00,32.00,57.00,32,25,0.00,0.00,0,0
1520564981,s2-eth1,49962.00,2018.00,51980.00,2018,49962,33.00,25.00,58.00,25,33,0.00,0.00,0,0
1520564981,lo,0.00,0.00,0.00,0,0,0.00,0.00,0.00,0,0,0.00,0.00,0,0
1520564981,total,312282.00,321426.00,633708.00,321426,312282,381.00,388.00,769.00,388,381,0.00,0.00,0,0
1520564982,s1,0.00,0.00,0.00,0,0,0.00,0.00,0.00,0,0,0.00,0.00,0,0
1520564982,eth0,0.00,60.00,60.00,60,0,0.00,1.00,1.00,1,0,0.00,0.00,0,0
1520564982,eth1,60.00,60.00,120.00,60,60,1.00,1.00,2.00,1,1,0.00,0.00,0,0
1520564982,s2,0.00,0.00,0.00,0,0,0.00,0.00,0.00,0,0,0.00,0.00,0,0
1520564982,s1-eth2,12836.00,258894.00,271730.00,258894,12836,164.00,171.00,335.00,171,164,0.00,0.00,0,0
1520564982,s1-eth1,249810.00,12910.00,262720.00,12910,249810,165.00,165.00,330.00,165,165,0.00,0.00,0,0
1520564982,s2-eth2,1848.00,39364.00,41212.00,39364,1848,24.00,26.00,50.00,26,24,0.00,0.00,0,0
1520564982,s2-eth1,36336.00,1848.00,38184.00,1848,36336,24.00,24.00,48.00,24,24,0.00,0.00,0,0
1520564982,lo,172.00,172.00,344.00,172,172,3.00,3.00,6.00,3,3,0.00,0.00,0,0
1520564982,total,301062.00,313308.00,614370.00,313308,301062,381.00,391.00,772.00,391,381,0.00,0.00,0,0
1520564983,s1,0.00,0.00,0.00,0,0,0.00,0.00,0.00,0,0,0.00,0.00,0,0
1520564983,eth0,0.00,60.00,60.00,60,0,0.00,1.00,1.00,1,0,0.00,0.00,0,0
1520564983,eth1,0.00,0.00,0.00,0,0,0.00,0.00,0.00,0,0,0.00,0.00,0,0
1520564983,s2,0.00,0.00,0.00,0,0,0.00,0.00,0.00,0,0,0.00,0.00,0,0
1520564983,s1-eth2,12376.00,257380.00,269756.00,257380,12376,160.00,170.00,330.00,170,160,0.00,0.00,0,0
1520564983,s1-eth1,248296.00,12302.00,260598.00,12302,248296,164.00,159.00,323.00,159,164,0.00,0.00,0,0
1520564983,s2-eth2,2072.00,51476.00,53548.00,51476,2072,28.00,34.00,62.00,34,28,0.00,0.00,0,0
1520564983,s2-eth1,50304.00,2072.00,52376.00,2072,50304,34.00,28.00,62.00,28,34,0.00,0.00,0,0
1520564983,lo,0.00,0.00,0.00,0,0,0.00,0.00,0.00,0,0,0.00,0.00,0,0
1520564983,total,313048.00,323290.00,636338.00,323290,313048,386.00,392.00,778.00,392,386,0.00,0.00,0,0
1520564984,s1,0.00,0.00,0.00,0,0,0.00,0.00,0.00,0,0,0.00,0.00,0,0
1520564984,eth0,0.00,0.00,0.00,0,0,0.00,0.00,0.00,0,0,0.00,0.00,0,0
1520564984,eth1,0.00,0.00,0.00,0,0,0.00,0.00,0.00,0,0,0.00,0.00,0,0
1520564984,s2,0.00,0.00,0.00,0,0,0.00,0.00,0.00,0,0,0.00,0.00,0,0
1520564984,s1-eth2,12164.00,260408.00,272572.00,260408,12164,160.00,172.00,332.00,172,160,0.00,0.00,0,0
1520564984,s1-eth1,249810.00,12164.00,261974.00,12164,249810,165.00,160.00,325.00,160,165,0.00,0.00,0,0
1520564984,s2-eth2,2072.00,74186.00,76258.00,74186,2072,28.00,49.00,77.00,49,28,0.00,0.00,0,0
1520564984,s2-eth1,68130.00,2072.00,70202.00,2072,68130,45.00,28.00,73.00,28,45,0.00,0.00,0,0
1520564984,lo,0.00,0.00,0.00,0,0,0.00,0.00,0.00,0,0,0.00,0.00,0,0
1520564984,total,332176.00,348830.00,681006.00,348830,332176,398.00,409.00,807.00,409,398,0.00,0.00,0,0
1520564985,s1,0.00,0.00,0.00,0,0,0.00,0.00,0.00,0,0,0.00,0.00,0,0
1520564985,eth0,0.00,0.00,0.00,0,0,0.00,0.00,0.00,0,0,0.00,0.00,0,0
1520564985,eth1,0.00,0.00,0.00,0,0,0.00,0.00,0.00,0,0,0.00,0.00,0,0
1520564985,s2,0.00,0.00,0.00,0,0,0.00,0.00,0.00,0,0,0.00,0.00,0,0
1520564985,s1-eth2,12482.00,260408.00,272890.00,260408,12482,163.00,172.00,335.00,172,163,0.00,0.00,0,0
1520564985,s1-eth1,249810.00,12482.00,262292.00,12482,249810,165.00,163.00,328.00,163,165,0.00,0.00,0,0
1520564985,s2-eth2,3832.00,84784.00,88616.00,84784,3832,50.00,56.00,106.00,56,50,0.00,0.00,0,0
1520564985,s2-eth1,87812.00,3832.00,91644.00,3832,87812,58.00,50.00,108.00,50,58,0.00,0.00,0,0
1520564985,lo,172.00,172.00,344.00,172,172,3.00,3.00,6.00,3,3,0.00,0.00,0,0
1520564985,total,354108.00,361678.00,715786.00,361678,354108,439.00,444.00,883.00,444,439,0.00,0.00,0,0
1520564986,s1,0.00,0.00,0.00,0,0,0.00,0.00,0.00,0,0,0.00,0.00,0,0
1520564986,eth0,0.00,60.00,60.00,60,0,0.00,1.00,1.00,1,0,0.00,0.00,0,0
1520564986,eth1,0.00,0.00,0.00,0,0,0.00,0.00,0.00,0,0,0.00,0.00,0,0
1520564986,s2,0.00,0.00,0.00,0,0,0.00,0.00,0.00,0,0,0.00,0.00,0,0
1520564986,s1-eth2,12288.00,254352.00,266640.00,254352,12288,158.00,168.00,326.00,168,158,0.00,0.00,0,0
1520564986,s1-eth1,249810.00,12288.00,262098.00,12288,249810,165.00,158.00,323.00,158,165,0.00,0.00,0,0
1520564986,s2-eth2,3182.00,98410.00,101592.00,98410,3182,43.00,65.00,108.00,65,43,0.00,0.00,0,0
1520564986,s2-eth1,93868.00,3182.00,97050.00,3182,93868,62.00,43.00,105.00,43,62,0.00,0.00,0,0
1520564986,lo,0.00,0.00,0.00,0,0,0.00,0.00,0.00,0,0,0.00,0.00,0,0
1520564986,total,359148.00,368292.00,727440.00,368292,359148,428.00,435.00,863.00,435,428,0.00,0.00,0,0
1520564987,s1,0.00,0.00,0.00,0,0,0.00,0.00,0.00,0,0,0.00,0.00,0,0
1520564987,eth0,0.00,60.00,60.00,60,0,0.00,1.00,1.00,1,0,0.00,0.00,0,0
1520564987,eth1,0.00,0.00,0.00,0,0,0.00,0.00,0.00,0,0,0.00,0.00,0,0
1520564987,s2,0.00,0.00,0.00,0,0,0.00,0.00,0.00,0,0,0.00,0.00,0,0
1520564987,s1-eth2,12426.00,264950.00,277376.00,264950,12426,161.00,175.00,336.00,175,161,0.00,0.00,0,0
1520564987,s1-eth1,249810.00,12158.00,261968.00,12158,249810,165.00,161.00,326.00,161,165,0.00,0.00,0,0
1520564987,s2-eth2,3644.00,83270.00,86914.00,83270,3644,46.00,55.00,101.00,55,46,0.00,0.00,0,0
1520564987,s2-eth1,84784.00,3644.00,88428.00,3644,84784,56.00,46.00,102.00,46,56,0.00,0.00,0,0
1520564987,lo,172.00,172.00,344.00,172,172,3.00,3.00,6.00,3,3,0.00,0.00,0,0
1520564987,total,350836.00,364254.00,715090.00,364254,350836,431.00,441.00,872.00,441,431,0.00,0.00,0,0
1520564988,s1,0.00,0.00,0.00,0,0,0.00,0.00,0.00,0,0,0.00,0.00,0,0
1520564988,eth0,0.00,60.00,60.00,60,0,0.00,1.00,1.00,1,0,0.00,0.00,0,0
1520564988,eth1,0.00,0.00,0.00,0,0,0.00,0.00,0.00,0,0,0.00,0.00,0,0
1520564988,s2,0.00,0.00,0.00,0,0,0.00,0.00,0.00,0,0,0.00,0.00,0,0
1520564988,s1-eth2,6870.00,124338.00,131208.00,124338,6870,91.00,85.00,176.00,85,91,0.00,0.00,0,0
1520564988,s1-eth1,137964.00,6796.00,144760.00,6796,137964,94.00,90.00,184.00,90,94,0.00,0.00,0,0
1520564988,s2-eth2,2454.00,40588.00,43042.00,40588,2454,33.00,30.00,63.00,30,33,0.00,0.00,0,0
1520564988,s2-eth1,46644.00,2454.00,49098.00,2454,46644,34.00,33.00,67.00,33,34,0.00,0.00,0,0
1520564988,lo,0.00,0.00,0.00,0,0,0.00,0.00,0.00,0,0,0.00,0.00,0,0
1520564988,total,193932.00,174236.00,368168.00,174236,193932,252.00,239.00,491.00,239,252,0.00,0.00,0,0
1520564989,s1,0.00,0.00,0.00,0,0,0.00,0.00,0.00,0,0,0.00,0.00,0,0
1520564989,eth0,0.00,120.00,120.00,120,0,0.00,2.00,2.00,2,0,0.00,0.00,0,0
1520564989,eth1,0.00,0.00,0.00,0,0,0.00,0.00,0.00,0,0,0.00,0.00,0,0
1520564989,s2,0.00,0.00,0.00,0,0,0.00,0.00,0.00,0,0,0.00,0.00,0,0
1520564989,s1-eth2,0.00,0.00,0.00,0,0,0.00,0.00,0.00,0,0,0.00,0.00,0,0
1520564989,s1-eth1,342.00,0.00,342.00,0,342,1.00,0.00,1.00,0,1,0.00,0.00,0,0
1520564989,s2-eth2,0.00,0.00,0.00,0,0,0.00,0.00,0.00,0,0,0.00,0.00,0,0
1520564989,s2-eth1,0.00,0.00,0.00,0,0,0.00,0.00,0.00,0,0,0.00,0.00,0,0
1520564989,lo,0.00,0.00,0.00,0,0,0.00,0.00,0.00,0,0,0.00,0.00,0,0
1520564989,total,342.00,120.00,462.00,120,342,1.00,2.00,3.00,2,1,0.00,0.00,0,0
1520564990,s1,0.00,0.00,0.00,0,0,0.00,0.00,0.00,0,0,0.00,0.00,0,0
1520564990,eth0,0.00,60.00,60.00,60,0,0.00,1.00,1.00,1,0,0.00,0.00,0,0
1520564990,eth1,0.00,0.00,0.00,0,0,0.00,0.00,0.00,0,0,0.00,0.00,0,0
1520564990,s2,0.00,0.00,0.00,0,0,0.00,0.00,0.00,0,0,0.00,0.00,0,0
1520564990,s1-eth2,0.00,0.00,0.00,0,0,0.00,0.00,0.00,0,0,0.00,0.00,0,0
1520564990,s1-eth1,0.00,0.00,0.00,0,0,0.00,0.00,0.00,0,0,0.00,0.00,0,0
1520564990,s2-eth2,0.00,0.00,0.00,0,0,0.00,0.00,0.00,0,0,0.00,0.00,0,0
1520564990,s2-eth1,0.00,0.00,0.00,0,0,0.00,0.00,0.00,0,0,0.00,0.00,0,0
1520564990,lo,172.00,172.00,344.00,172,172,3.00,3.00,6.00,3,3,0.00,0.00,0,0
1520564990,total,172.00,232.00,404.00,232,172,3.00,4.00,7.00,4,3,0.00,0.00,0,0
1520564991,s1,0.00,0.00,0.00,0,0,0.00,0.00,0.00,0,0,0.00,0.00,0,0
1520564991,eth0,0.00,0.00,0.00,0,0,0.00,0.00,0.00,0,0,0.00,0.00,0,0
1520564991,eth1,0.00,0.00,0.00,0,0,0.00,0.00,0.00,0,0,0.00,0.00,0,0
1520564991,s2,0.00,0.00,0.00,0,0,0.00,0.00,0.00,0,0,0.00,0.00,0,0
1520564991,s1-eth2,0.00,0.00,0.00,0,0,0.00,0.00,0.00,0,0,0.00,0.00,0,0
1520564991,s1-eth1,0.00,0.00,0.00,0,0,0.00,0.00,0.00,0,0,0.00,0.00,0,0
1520564991,s2-eth2,0.00,0.00,0.00,0,0,0.00,0.00,0.00,0,0,0.00,0.00,0,0
1520564991,s2-eth1,342.00,0.00,342.00,0,342,1.00,0.00,