1520564999,s1,0.00,0.00,0.00,0,0,0.00,0.00,0.00,0,0,0.00,0.00,0,0
1520564999,eth0,0.00,0.00,0.00,0,0,0.00,0.00,0.00,0,0,0.00,0.00,0,0
1520564999,eth1,0.00,0.00,0.00,0,0,0.00,0.00,0.00,0,0,0.00,0.00,0,0
1520564999,s2,0.00,0.00,0.00,0,0,0.00,0.00,0.00,0,0,0.00,0.00,0,0
1520564999,s1-eth2,0.00,0.00,0.00,0,0,0.00,0.00,0.00,0,0,0.00,0.00,0,0
1520564999,s1-eth1,0.00,0.00,0.00,0,0,0.00,0.00,0.00,0,0,0.00,0.00,0,0
1520564999,s2-eth2,0.00,0.00,0.00,0,0,0.00,0.00,0.00,0,0,0.00,0.00,0,0
1520564999,s2-eth1,0.00,0.00,0.00,0,0,0.00,0.00,0.00,0,0,0.00,0.00,0,0
1520564999,lo,0.00,0.00,0.00,0,0,0.00,0.00,0.00,0,0,0.00,0.00,0,0
1520564999,total,0.00,0.00,0.00,0,0,0.00,0.00,0.00,0,0,0.00,0.00,0,0
1520565000,s1,90.00,180.00,270.00,180,90,1.00,2.00,3.00,2,1,0.00,0.00,0,0
1520565000,eth0,384.00,915.00,1299.00,915,384,4.00,7.00,11.00,7,4,0.00,0.00,0,0
1520565000,eth1,0.00,0.00,0.00,0,0,0.00,0.00,0.00,0,0,0.00,0.00,0,0
1520565000,s2,250.00,90.00,340.00,90,250,3.00,1.00,4.00,1,3,0.00,0.00,0,0
1520565000,s1-eth2,270.00,90.00,360.00,90,270,3.00,1.00,4.00,1,3,0.00,0.00,0,0
1520565000,s1-eth1,612.00,90.00,702.00,90,612,4.00,1.00,5.00,1,4,0.00,0.00,0,0
1520565000,s2-eth2,842.00,90.00,932.00,90,842,7.00,1.00,8.00,1,7,0.00,0.00,0,0
1520565000,s2-eth1,340.00,0.00,340.00,0,340,4.00,0.00,4.00,0,4,0.00,0.00,0,0
1520565000,lo,2895.00,2895.00,5790.00,2895,2895,31.00,31.00,62.00,31,31,0.00,0.00,0,0
1520565000,total,5683.00,4350.00,10033.00,4350,5683,57.00,44.00,101.00,44,57,0.00,0.00,0,0
1520565001,s1,0.00,0.00,0.00,0,0,0.00,0.00,0.00,0,0,0.00,0.00,0,0
1520565001,eth0,252.00,405.00,657.00,405,252,3.00,4.00,7.00,4,3,0.00,0.00,0,0
1520565001,eth1,0.00,0.00,0.00,0,0,0.00,0.00,0.00,0,0,0.00,0.00,0,0
1520565001,s2,0.00,0.00,0.00,0,0,0.00,0.00,0.00,0,0,0.00,0.00,0,0
1520565001,s1-eth2,342.00,0.00,342.00,0,342,1.00,0.00,1.00,0,1,0.00,0.00,0,0
1520565001,s1-eth1,0.00,0.00,0.00,0,0,0.00,0.00,0.00,0,0,0.00,0.00,0,0
1520565001,s2-eth2,0.00,0.00,0.00,0,0,0.00,0.00,0.00,0,0,0.00,0.00,0,0
1520565001,s2-eth1,342.00,0.00,342.00,0,342,1.00,0.00,1.00,0,1,0.00,0.00,0,0
1520565001,lo,341.00,341.00,682.00,341,341,4.00,4.00,8.00,4,4,0.00,0.00,0,0
1520565001,total,1277.00,746.00,2023.00,746,1277,9.00,8.00,17.00,8,9,0.00,0.00,0,0
1520565002,s1,0.00,0.00,0.00,0,0,0.00,0.00,0.00,0,0,0.00,0.00,0,0
1520565002,eth0,0.00,59.94,59.94,60,0,0.00,1.00,1.00,1,0,0.00,0.00,0,0
1520565002,eth1,0.00,0.00,0.00,0,0,0.00,0.00,0.00,0,0,0.00,0.00,0,0
1520565002,s2,0.00,0.00,0.00,0,0,0.00,0.00,0.00,0,0,0.00,0.00,0,0
1520565002,s1-eth2,0.00,0.00,0.00,0,0,0.00,0.00,0.00,0,0,0.00,0.00,0,0
1520565002,s1-eth1,0.00,0.00,0.00,0,0,0.00,0.00,0.00,0,0,0.00,0.00,0,0
1520565002,s2-eth2,0.00,0.00,0.00,0,0,0.00,0.00,0.00,0,0,0.00,0.00,0,0
1520565002,s2-eth1,0.00,0.00,0.00,0,0,0.00,0.00,0.00,0,0,0.00,0.00,0,0
1520565002,lo,0.00,0.00,0.00,0,0,0.00,0.00,0.00,0,0,0.00,0.00,0,0
1520565002,total,0.00,59.94,59.94,60,0,0.00,1.00,1.00,1,0,0.00,0.00,0,0
1520565003,s1,70.00,140.00,210.00,140,70,1.00,2.00,3.00,2,1,0.00,0.00,0,0
1520565003,eth0,0.00,0.00,0.00,0,0,0.00,0.00,0.00,0,0,0.00,0.00,0,0
1520565003,eth1,0.00,0.00,0.00,0,0,0.00,0.00,0.00,0,0,0.00,0.00,0,0
1520565003,s2,0.00,140.00,140.00,140,0,0.00,2.00,2.00,2,0,0.00,0.00,0,0
1520565003,s1-eth2,252.00,112.00,364.00,112,252,4.00,2.00,6.00,2,4,0.00,0.00,0,0
1520565003,s1-eth1,252.00,112.00,364.00,112,252,4.00,2.00,6.00,2,4,0.00,0.00,0,0
1520565003,s2-eth2,70.00,70.00,140.00,70,70,1.00,1.00,2.00,1,1,0.00,0.00,0,0
1520565003,s2-eth1,140.00,70.00,210.00,70,140,2.00,1.00,3.00,1,2,0.00,0.00,0,0
1520565003,lo,1932.00,1932.00,3864.00,1932,1932,21.00,21.00,42.00,21,21,0.00,0.00,0,0
1520565003,total,2716.00,2576.00,5292.00,2576,2716,33.00,31.00,64.00,31,33,0.00,0.00,0,0
1520565004,s1,0.00,0.00,0.00,0,0,0.00,0.00,0.00,0,0,0.00,0.00,0,0
1520565004,eth0,86.00,138.00,224.00,138,86,1.00,2.00,3.00,2,1,0.00,0.00,0,0
1520565004,eth1,0.00,0.00,0.00,0,0,0.00,0.00,0.00,0,0,0.00,0.00,0,0
1520565004,s2,70.00,0.00,70.00,0,70,1.00,0.00,1.00,0,1,0.00,0.00,0,0
1520565004,s1-eth2,0.00,0.00,0.00,0,0,0.00,0.00,0.00,0,0,0.00,0.00,0,0
1520565004,s1-eth1,0.00,0.00,0.00,0,0,0.00,0.00,0.00,0,0,0.00,0.00,0,0
1520565004,s2-eth2,140.00,0.00,140.00,0,140,2.00,0.00,2.00,0,2,0.00,0.00,0,0
1520565004,s2-eth1,70.00,0.00,70.00,0,70,1.00,0.00,1.00,0,1,0.00,0.00,0,0
1520565004,lo,268.00,268.00,536.00,268,268,3.00,3.00,6.00,3,3,0.00,0.00,0,0
1520565004,total,634.00,406.00,1040.00,406,634,8.00,5.00,13.00,5,8,0.00,0.00,0,0
1520565005,s1,0.00,0.00,0.00,0,0,0.00,0.00,0.00,0,0,0.00,0.00,0,0
1520565005,eth0,0.00,275.00,275.00,275,0,0.00,2.00,2.00,2,0,0.00,0.00,0,0
1520565005,eth1,0.00,0.00,0.00,0,0,0.00,0.00,0.00,0,0,0.00,0.00,0,0
1520565005,s2,0.00,0.00,0.00,0,0,0.00,0.00,0.00,0,0,0.00,0.00,0,0
1520565005,s1-eth2,0.00,0.00,0.00,0,0,0.00,0.00,0.00,0,0,0.00,0.00,0,0
1520565005,s1-eth1,342.00,0.00,342.00,0,342,1.00,0.00,1.00,0,1,0.00,0.00,0,0
1520565005,s2-eth2,342.00,0.00,342.00,0,342,1.00,0.00,1.00,0,1,0.00,0.00,0,0
1520565005,s2-eth1,0.00,0.00,0.00,0,0,0.00,0.00,0.00,0,0,0.00,0.00,0,0
1520565005,lo,0.00,0.00,0.00,0,0,0.00,0.00,0.00,0,0,0.00,0.00,0,0
1520565005,total,684.00,275.00,959.00,275,684,2.00,2.00,4.00,2,2,0.00,0.00,0,0
1520565006,s1,0.00,0.00,0.00,0,0,0.00,0.00,0.00,0,0,0.00,0.00,0,0
1520565006,eth0,0.00,60.00,60.00,60,0,0.00,1.00,1.00,1,0,0.00,0.00,0,0
1520565006,eth1,0.00,0.00,0.00,0,0,0.00,0.00,0.00,0,0,0.00,0.00,0,0
1520565006,s2,0.00,0.00,0.00,0,0,0.00,0.00,0.00,0,0,0.00,0.00,0,0
1520565006,s1-eth2,0.00,0.00,0.00,0,0,0.00,0.00,0.00,0,0,0.00,0.00,0,0
1520565006,s1-eth1,0.00,0.00,0.00,0,0,0.00,0.00,0.00,0,0,0.00,0.00,0,0
1520565006,s2-eth2,0.00,0.00,0.00,0,0,0.00,0.00,0.00,0,0,0.00,0.00,0,0
1520565006,s2-eth1,0.00,0.00,0.00,0,0,0.00,0.00,0.00,0,0,0.00,0.00,0,0
1520565006,lo,0.00,0.00,0.00,0,0,0.00,0.00,0.00,0,0,0.00,0.00,0,0
1520565006,total,0.00,60.00,60.00,60,0,0.00,1.00,1.00,1,0,0.00,0.00,0,0
1520565007,s1,69.93,139.86,209.79,140,70,1.00,2.00,3.00,2,1,0.00,0.00,0,0
1520565007,eth0,0.00,0.00,0.00,0,0,0.00,0.00,0.00,0,0,0.00,0.00,0,0
1520565007,eth1,0.00,0.00,0.00,0,0,0.00,0.00,0.00,0,0,0.00,0.00,0,0
1520565007,s2,0.00,139.86,139.86,140,0,0.00,2.00,2.00,2,0,0.00,0.00,0,0
1520565007,s1-eth2,209.79,69.93,279.72,70,210,3.00,1.00,4.00,1,3,0.00,0.00,0,0
1520565007,s1-eth1,209.79,69.93,279.72,70,210,3.00,1.00,4.00,1,3,0.00,0.00,0,0
1520565007,s2-eth2,69.93,69.93,139.86,70,70,1.00,1.00,2.00,1,1,0.00,0.00,0,0
1520565007,s2-eth1,139.86,69.93,209.79,70,140,2.00,1.00,3.00,1,2,0.00,0.00,0,0
1520565007,lo,1338.66,1338.66,2677.32,1340,1340,14.99,14.99,29.97,15,15,0.00,0.00,0,0
1520565007,total,2037.96,1898.10,3936.06,1900,2040,24.98,22.98,47.95,23,25,0.00,0.00,0,0
1520565008,s1,0.00,0.00,0.00,0,0,0.00,0.00,0.00,0,0,0.00,0.00,0,0
1520565008,eth0,0.00,60.00,60.00,60,0,0.00,1.00,1.00,1,0,0.00,0.00,0,0
1520565008,eth1,0.00,0.00,0.00,0,0,0.00,0.00,0.00,0,0,0.00,0.00,0,0
1520565008,s2,70.00,0.00,70.00,0,70,1.00,0.00,1.00,0,1,0.00,0.00,0,0
1520565008,s1-eth2,0.00,0.00,0.00,0,0,0.00,0.00,0.00,0,0,0.00,0.00,0,0
1520565008,s1-eth1,0.00,0.00,0.00,0,0,0.00,0.00,0.00,0,0,0.00,0.00,0,0
1520565008,s2-eth2,140.00,0.00,140.00,0,140,2.00,0.00,2.00,0,2,0.00,0.00,0,0
1520565008,s2-eth1,412.00,0.00,412.00,0,412,2.00,0.00,2.00,0,2,0.00,0.00,0,0
1520565008,lo,268.00,268.00,536.00,268,268,3.00,3.00,6.00,3,3,0.00,0.00,0,0
1520565008,total,890.00,328.00,1218.00,328,890,8.00,4.00,12.00,4,8,0.00,0.00,0,0
1520565009,s1,0.00,0.00,0.00,0,0,0.00,0.00,0.00,0,0,0.00,0.00,0,0
1520565009,eth0,0.00,60.00,60.00,60,0,0.00,1.00,1.00,1,0,0.00,0.00,0,0
1520565009,eth1,0.00,0.00,0.00,0,0,0.00,0.00,0.00,0,0,0.00,0.00,0,0
1520565009,s2,0.00,0.00,0.00,0,0,0.00,0.00,0.00,0,0,0.00,0.00,0,0
1520565009,s1-eth2,342.00,0.00,342.00,0,342,1.00,0.00,1.00,0,1,0.00,0.00,0,0
1520565009,s1-eth1,342.00,0.00,342.00,0,342,1.00,0.00,1.00,0,1,0.00,0.00,0,0
1520565009,s2-eth2,0.00,0.00,0.00,0,0,0.00,0.00,0.00,0,0,0.00,0.00,0,0
1520565009,s2-eth1,0.00,0.00,0.00,0,0,0.00,0.00,0.00,0,0,0.00,0.00,0,0
1520565009,lo,0.00,0.00,0.00,0,0,0.00,0.00,0.00,0,0,0.00,0.00,0,0
1520565009,total,684.00,60.00,744.00,60,684,2.00,1.00,3.00,1,2,0.00,0.00,0,0
1520565010,s1,0.00,0.00,0.00,0,0,0.00,0.00,0.00,0,0,0.00,0.00,0,0
1520565010,eth0,0.00,146.00,146.00,146,0,0.00,2.00,2.00,2,0,0.00,0.00,0,0
1520565010,eth1,0.00,86.00,86.00,86,0,0.00,1.00,1.00,1,0,0.00,0.00,0,0
1520565010,s2,0.00,0.00,0.00,0,0,0.00,0.00,0.00,0,0,0.00,0.00,0,0
1520565010,s1-eth2,0.00,0.00,0.00,0,0,0.00,0.00,0.00,0,0,0.00,0.00,0,0
1520565010,s1-eth1,0.00,0.00,0.00,0,0,0.00,0.00,0.00,0,0,0.00,0.00,0,0
1520565010,s2-eth2,0.00,0.00,0.00,0,0,0.00,0.00,0.00,0,0,0.00,0.00,0,0
1520565010,s2-eth1,0.00,0.00,0.00,0,0,0.00,0.00,0.00,0,0,0.00,0.00,0,0
1520565010,lo,0.00,0.00,0.00,0,0,0.00,0.00,0.00,0,0,0.00,0.00,0,0
1520565010,total,0.00,232.00,232.00,232,0,0.00,3.00,3.00,3,0,0.00,0.00,0,0
1520565011,s1,0.00,0.00,0.00,0,0,0.00,0.00,0.00,0,0,0.00,0.00,0,0
1520565011,eth0,0.00,60.00,60.00,60,0,0.00,1.00,1.00,1,0,0.00,0.00,0,0
1520565011,eth1,0.00,0.00,0.00,0,0,0.00,0.00,0.00,0,0,0.00,0.00,0,0
1520565011,s2,0.00,0.00,0.00,0,0,0.00,0.00,0.00,0,0,0.00,0.00,0,0
1520565011,s1-eth2,0.00,0.00,0.00,0,0,0.00,0.00,0.00,0,0,0.00,0.00,0,0
1520565011,s1-eth1,0.00,0.00,0.00,0,0,0.00,0.00,0.00,0,0,0.00,0.00,0,0
1520565011,s2-eth2,0.00,0.00,0.00,0,0,0.00,0.00,0.00,0,0,0.00,0.00,0,0
1520565011,s2-eth1,0.00,0.00,0.00,0,0,0.00,0.00,0.00,0,0,0.00,0.00,0,0
1520565011,lo,0.00,0.00,0.00,0,0,0.00,0.00,0.00,0,0,0.00,0.00,0,0
1520565011,total,0.00,60.00,60.00,60,0,0.00,1.00,1.00,1,0,0.00,0.00,0,0
1520565012,s1,0.00,0.00,0.00,0,0,0.00,0.00,0.00,0,0,0.00,0.00,0,0
1520565012,eth0,0.00,59.94,59.94,60,0,0.00,1.00,1.00,1,0,0.00,0.00,0,0
1520565012,eth1,0.00,0.00,0.00,0,0,0.00,0.00,0.00,0,0,0.00,0.00,0,0
1520565012,s2,0.00,0.00,0.00,0,0,0.00,0.00,0.00,0,0,0.00,0.00,0,0
1520565012,s1-eth2,0.00,0.00,0.00,0,0,0.00,0.00,0.00,0,0,0.00,0.00,0,0
1520565012,s1-eth1,0.00,0.00,0.00,0,0,0.00,0.00,0.00,0,0,0.00,0.00,0,0
1520565012,s2-eth2,0.00,0.00,0.00,0,0,0.00,0.00,0.00,0,0,0.00,0.00,0,0
1520565012,s2-eth1,0.00,0.00,0.00,0,0,0.00,0.00,0.00,0,0,0.00,0.00,0,0
1520565012,lo,343.66,343.66,687.31,344,344,5.99,5.99,11.99,6,6,0.00,0.00,0,0
1520565012,total,343.66,403.60,747.25,404,344,5.99,6.99,12.99,7,6,0.00,0.00,0,0
1520565013,s1,0.00,0.00,0.00,0,0,0.00,0.00,0.00,0,0,0.00,0.00,0,0
1520565013,eth0,0.00,60.00,60.00,60,0,0.00,1.00,1.00,1,0,0.00,0.00,0,0
1520565013,eth1,0.00,0.00,0.00,0,0,0.00,0.00,0.00,0,0,0.00,0.00,0,0
1520565013,s2,0.00,0.00,0.00,0,0,0.00,0.00,0.00,0,0,0.00,0.00,0,0
1520565013,s1-eth2,0.00,0.00,0.00,0,0,0.00,0.00,0.00,0,0,0.00,0.00,0,0
1520565013,s1-eth1,0.00,0.00,0.00,0,0,0.00,0.00,0.00,0,0,0.00,0.00,0,0
1520565013,s2-eth2,0.00,0.00,0.00,0,0,0.00,0.00,0.00,0,0,0.00,0.00,0,0
1520565013,s2-eth1,0.00,0.00,0.00,0,0,0.00,0.00,0.00,0,0,0.00,0.00,0,0
1520565013,lo,0.00,0.00,0.00,0,0,0.00,0.00,0.00,0,0,0.00,0.00,0,0
1520565013,total,0.00,60.00,60.00,60,0,0.00,1.00,1.00,1,0,0.00,0.00,0,0
1520565014,s1,0.00,0.00,0.00,0,0,0.00,0.00,0.00,0,0,0.00,0.00,0,0
1520565014,eth0,0.00,0.00,0.00,0,0,0.00,0.00,0.00,0,0,0.00,0.00,0,0
1520565014,eth1,0.00,0.00,0.00,0,0,0.00,0.00,0.00,0,0,0.00,0.00,0,0
1520565014,s2,0.00,0.00,0.00,0,0,0.00,0.00,0.00,0,0,0.00,0.00,0,0
1520565014,s1-eth2,0.00,0.00,0.00,0,0,0.00,0.00,0.00,0,0,0.00,0.00,0,0
1520565014,s1-eth1,0.00,0.00,0.00,0,0,0.00,0.00,0.00,0,0,0.00,0.00,0,0
1520565014,s2-eth2,0.00,0.00,0.00,0,0,0.00,0.00,0.00,0,0,0.00,0.00,0,0
1520565014,s2-eth1,0.00,0.00,0.00,0,0,0.00,0.00,0.00,0,0,0.00,0.00,0,0
1520565014,lo,0.00,0.00,0.00,0,0,0.00,0.00,0.00,0,0,0.00,0.00,0,0
1520565014,total,0.00,0.00,0.00,0,0,0.00,0.00,0.00,0,0,0.00,0.00,0,0
1520565015,s1,0.00,0.00,0.00,0,0,0.00,0.00,0.00,0,0,0.00,0.00,0,0
1520565015,eth0,0.00,60.00,60.00,60,0,0.00,1.00,1.00,1,0,0.00,0.00,0,0
1520565015,eth1,0.00,0.00,0.00,0,0,0.00,0.00,0.00,0,0,0.00,0.00,0,0
1520565015,s2,0.00,0.00,0.00,0,0,0.00,0.00,0.00,0,0,0.00,0.00,0,0
1520565015,s1-eth2,0.00,0.00,0.00,0,0,0.00,0.00,0.00,0,0,0.00,0.00,0,0
1520565015,s1-eth1,342.00,0.00,342.00,0,342,1.00,0.00,1.00,0,1,0.00,0.00,0,0
1520565015,s2-eth2,342.00,0.00,342.00,0,342,1.00,0.00,1.00,0,1,0.00,0.00,0,0
1520565015,s2-eth1,0.00,0.00,0.00,0,0,0.00,0.00,0.00,0,0,0.00,0.00,0,0
1520565015,lo,0.00,0.00,0.00,0,0,0.00,0.00,0.00,0,0,0.00,0.00,0,0
1520565015,total,684.00,60.00,744.00,60,684,2.00,1.00,3.00,1,2,0.00,0.00,0,0
1520565016,s1,0.00,0.00,0.00,0,0,0.00,0.00,0.00,0,0,0.00,0.00,0,0
1520565016,eth0,0.00,60.00,60.00,60,0,0.00,1.00,1.00,1,0,0.00,0.00,0,0
1520565016,eth1,0.00,0.00,0.00,0,0,0.00,0.00,0.00,0,0,0.00,0.00,0,0
1520565016,s2,0.00,0.00,0.00,0,0,0.00,0.00,0.00,0,0,0.00,0.00,0,0
1520565016,s1-eth2,0.00,0.00,0.00,0,0,0.00,0.00,0.00,0,0,0.00,0.00,0,0
1520565016,s1-eth1,0.00,0.00,0.00,0,0,0.00,0.00,0.00,0,0,0.00,0.00,0,0
1520565016,s2-eth2,0.00,0.00,0.00,0,0,0.00,0.00,0.00,0,0,0.00,0.00,0,0
1520565016,s2-eth1,342.00,0.00,342.00,0,342,1.00,0.00,1.00,0,1,0.00,0.00,0,0
1520565016,lo,0.00,0.00,0.00,0,0,0.00,0.00,0.00,0,0,0.00,0.00,0,0
1520565016,total,342.00,60.00,402.00,60,342,1.00,1.00,2.00,1,1,0.00,0.00,0,0
1520565017,s1,0.00,0.00,0.00,0,0,0.00,0.00,0.00,0,0,0.00,0.00,0,0
1520565017,eth0,0.00,59.94,59.94,60,0,0.00,1.00,1.00,1,0,0.00,0.00,0,0
1520565017,eth1,0.00,0.00,0.00,0,0,0.00,0.00,0.00,0,0,0.00,0.00,0,0
1520565017,s2,0.00,0.00,0.00,0,0,0.00,0.00,0.00,0,0,0.00,0.00,0,0
1520565017,s1-eth2,0.00,0.00,0.00,0,0,0.00,0.00,0.00,0,0,0.00,0.00,0,0
1520565017,s1-eth1,0.00,0.00,0.00,0,0,0.00,0.00,0.00,0,0,0.00,0.00,0,0
1520565017,s2-eth2,0.00,0.00,0.00,0,0,0.00,0.00,0.00,0,0,0.00,0.00,0,0
1520565017,s2-eth1,0.00,0.00,0.00,0,0,0.00,0.00,0.00,0,0,0.00,0.00,0,0
1520565017,lo,343.66,343.66,687.31,344,344,5.99,5.99,11.99,6,6,0.00,0.00,0,0
1520565017,total,343.66,403.60,747.25,404,344,5.99,6.99,12.99,7,6,0.00,0.00,0,0
1520565018,s1,0.00,0.00,0.00,0,0,0.00,0.00,0.00,0,0,0.00,0.00,0,0
1520565018,eth0,0.00,0.00,0.00,0,0,0.00,0.00,0.00,0,0,0.00,0.00,0,0
1520565018,eth1,0.00,0.00,0.00,0,0,0.00,0.00,0.00,0,0,0.00,0.00,0,0
1520565018,s2,0.00,0.00,0.00,0,0,0.00,0.00,0.00,0,0,0.00,0.00,0,0
1520565018,s1-eth2,0.00,0.00,0.00,0,0,0.00,0.00,0.00,0,0,0.00,0.00,0,0
1520565018,s1-eth1,0.00,0.00,0.00,0,0,0.00,0.00,0.00,0,0,0.00,0.00,0,0
1520565018,s2-eth2,0.00,0.00,0.00,0,0,0.00,0.00,0.00,0,0,0.00,0.00,0,0
1520565018,s2-eth1,0.00,0.00,0.00,0,0,0.00,0.00,0.00,0,0,0.00,0.00,0,0
1520565018,lo,0.00,0.00,0.00,0,0,0.00,0.00,0.00,0,0,0.00,0.00,0,0
1520565018,total,0.00,0.00,0.00,0,0,0.00,0.00,0.00,0,0,0.00,0.00,0,0
1520565019,s1,0.00,42.00,42.00,42,0,0.00,1.00,1.00,1,0,0.00,0.00,0,0
1520565019,eth0,0.00,60.00,60.00,60,0,0.00,1.00,1.00,1,0,0.00,0.00,0,0
1520565019,eth1,0.00,0.00,0.00,0,0,0.00,0.00,0.00,0,0,0.00,0.00,0,0
1520565019,s2,0.00,84.00,84.00,84,0,0.00,2.00,2.00,2,0,0.00,0.00,0,0
1520565019,s1-eth2,11766.00,228010.00,239776.00,228010,11766,141.00,161.00,302.00,161,141,0.00,0.00,0,0
1520565019,s1-eth1,209842.00,11852.00,221694.00,11852,209842,149.00,142.00,291.00,142,149,0.00,0.00,0,0
1520565019,s2-eth2,1686.00,75960.00,77646.00,75960,1686,23.00,54.00,77.00,54,23,0.00,0.00,0,0
1520565019,s2-eth1,44166.00,1686.00,45852.00,1686,44166,33.00,23.00,56.00,23,33,0.00,0.00,0,0
1520565019,lo,4736.00,4736.00,9472.00,4736,4736,42.00,42.00,84.00,42,42,0.00,0.00,0,0
1520565019,total,272196.00,322430.00,594626.00,322430,272196,388.00,426.00,814.00,426,388,0.00,0.00,0,0
1520565020,s1,0.00,42.00,42.00,42,0,0.00,1.00,1.00,1,0,0.00,0.00,0,0
1520565020,eth0,0.00,60.00,60.00,60,0,0.00,1.00,1.00,1,0,0.00,0.00,0,0
1520565020,eth1,0.00,0.00,0.00,0,0,0.00,0.00,0.00,0,0,0.00,0.00,0,0
1520565020,s2,0.00,42.00,42.00,42,0,0.00,1.00,1.00,1,0,0.00,0.00,0,0
1520565020,s1-eth2,12202.00,254394.00,266596.00,254394,12202,161.00,169.00,330.00,169,161,0.00,0.00,0,0
1520565020,s1-eth1,249852.00,12116.00,261968.00,12116,249852,166.00,160.00,326.00,160,166,0.00,0.00,0,0
1520565020,s2-eth2,9644.00,165068.00,174712.00,165068,9644,118.00,110.00,228.00,110,118,0.00,0.00,0,0
1520565020,s2-eth1,180208.00,9644.00,189852.00,9644,180208,120.00,118.00,238.00,118,120,0.00,0.00,0,0
1520565020,lo,480.00,480.00,960.00,480,480,6.00,6.00,12.00,6,6,0.00,0.00,0,0
1520565020,total,452386.00,441846.00,894232.00,441846,452386,571.00,566.00,1137.00,566,571,0.00,0.00,0,0
1520565021,s1,0.00,42.00,42.00,42,0,0.00,1.00,1.00,1,0,0.00,0.00,0,0
1520565021,eth0,0.00,180.00,180.00,180,0,0.00,3.00,3.00,3,0,0.00,0.00,0,0
1520565021,eth1,0.00,0.00,0.00,0,0,0.00,0.00,0.00,0,0,0.00,0.00,0,0
1520565021,s2,0.00,42.00,42.00,42,0,0.00,1.00,1.00,1,0,0.00,0.00,0,0
1520565021,s1-eth2,12822.00,254394.00,267216.00,254394,12822,163.00,169.00,332.00,169,163,0.00,0.00,0,0
1520565021,s1-eth1,249852.00,12480.00,262332.00,12480,249852,166.00,162.00,328.00,162,166,0.00,0.00,0,0
1520565021,s2-eth2,4360.00,81798.00,86158.00,81798,4360,54.00,55.00,109.00,55,54,0.00,0.00,0,0
1520565021,s2-eth1,83312.00,4360.00,87672.00,4360,83312,56.00,54.00,110.00,54,56,0.00,0.00,0,0
1520565021,lo,480.00,480.00,960.00,480,480,6.00,6.00,12.00,6,6,0.00,0.00,0,0
1520565021,total,350826.00,353776.00,704602.00,353776,350826,445.00,451.00,896.00,451,445,0.00,0.00,0,0
1520565022,s1,0.00,42.00,42.00,42,0,0.00,1.00,1.00,1,0,0.00,0.00,0,0
1520565022,eth0,0.00,60.00,60.00,60,0,0.00,1.00,1.00,1,0,0.00,0.00,0,0
1520565022,eth1,0.00,0.00,0.00,0,0,0.00,0.00,0.00,0,0,0.00,0.00,0,0
1520565022,s2,0.00,42.00,42.00,42,0,0.00,1.00,1.00,1,0,0.00,0.00,0,0
1520565022,s1-eth2,12210.00,258936.00,271146.00,258936,12210,159.00,172.00,331.00,172,159,0.00,0.00,0,0
1520565022,s1-eth1,249810.00,12210.00,262020.00,12210,249810,165.00,159.00,324.00,159,165,0.00,0.00,0,0
1520565022,s2-eth2,2932.00,75742.00,78674.00,75742,2932,38.00,51.00,89.00,51,38,0.00,0.00,0,0
1520565022,s2-eth1,78770.00,2932.00,81702.00,2932,78770,53.00,38.00,91.00,38,53,0.00,0.00,0,0
1520565022,lo,480.00,480.00,960.00,480,480,6.00,6.00,12.00,6,6,0.00,0.00,0,0
1520565022,total,344202.00,350444.00,694646.00,350444,344202,421.00,429.00,850.00,429,421,0.00,0.00,0,0
1520565023,s1,0.00,41.96,41.96,42,0,0.00,1.00,1.00,1,0,0.00,0.00,0,0
1520565023,eth0,0.00,59.94,59.94,60,0,0.00,1.00,1.00,1,0,0.00,0.00,0,0
1520565023,eth1,0.00,0.00,0.00,0,0,0.00,0.00,0.00,0,0,0.00,0.00,0,0
1520565023,s2,0.00,41.96,41.96,42,0,0.00,1.00,1.00,1,0,0.00,0.00,0,0
1520565023,s1-eth2,12101.90,255652.36,267754.25,255908,12114,156.84,169.83,326.67,170,157,0.00,0.00,0,0
1520565023,s1-eth1,249602.41,12101.90,261704.30,12114,249852,165.83,156.84,322.68,157,166,0.00,0.00,0,0
1520565023,s2-eth2,3244.76,77178.82,80423.58,77256,3248,37.96,51.95,89.91,52,38,0.00,0.00,0,0
1520565023,s2-eth1,65078.92,2903.10,67982.02,2906,65144,43.96,36.96,80.92,37,44,0.00,0.00,0,0
1520565023,lo,479.52,479.52,959.04,480,480,5.99,5.99,11.99,6,6,0.00,0.00,0,0
1520565023,total,330507.50,348459.56,678967.06,348808,330838,410.59,424.58,835.16,425,411,0.00,0.00,0,0
1520565024,s1,0.00,42.00,42.00,42,0,0.00,1.00,1.00,1,0,0.00,0.00,0,0
1520565024,eth0,0.00,60.00,60.00,60,0,0.00,1.00,1.00,1,0,0.00,0.00,0,0
1520565024,eth1,0.00,0.00,0.00,0,0,0.00,0.00,0.00,0,0,0.00,0.00,0,0
1520565024,s2,0.00,42.00,42.00,42,0,0.00,1.00,1.00,1,0,0.00,0.00,0,0
1520565024,s1-eth2,12164.00,261964.00,274128.00,261964,12164,160.00,174.00,334.00,174,160,0.00,0.00,0,0
1520565024,s1-eth1,249852.00,12238.00,262090.00,12238,249852,166.00,161.00,327.00,161,166,0.00,0.00,0,0
1520565024,s2-eth2,2664.00,81798.00,84462.00,81798,2664,36.00,55.00,91.00,55,36,0.00,0.00,0,0
1520565024,s2-eth1,87854.00,2664.00,90518.00,2664,87854,59.00,36.00,95.00,36,59,0.00,0.00,0,0
1520565024,lo,480.00,480.00,960.00,480,480,6.00,6.00,12.00,6,6,0.00,0.00,0,0
1520565024,total,353014.00,359288.00,712302.00,359288,353014,427.00,435.00,862.00,435,427,0.00,0.00,0,0
1520565025,s1,0.00,0.00,0.00,0,0,0.00,0.00,0.00,0,0,0.00,0.00,0,0
1520565025,eth0,0.00,60.00,60.00,60,0,0.00,1.00,1.00,1,0,0.00,0.00,0,0
1520565025,eth1,0.00,0.00,0.00,0,0,0.00,0.00,0.00,0,0,0.00,0.00,0,0
1520565025,s2,0.00,0.00,0.00,0,0,0.00,0.00,0.00,0,0,0.00,0.00,0,0
1520565025,s1-eth2,12518.00,258894.00,271412.00,258894,12518,161.00,171.00,332.00,171,161,0.00,0.00,0,0
1520565025,s1-eth1,251324.00,12444.00,263768.00,12444,251324,166.00,160.00,326.00,160,166,0.00,0.00,0,0
1520565025,s2-eth2,3478.00,107494.00,110972.00,107494,3478,47.00,71.00,118.00,71,47,0.00,0.00,0,0
1520565025,s2-eth1,99924.00,3478.00,103402.00,3478,99924,66.00,47.00,113.00,47,66,0.00,0.00,0,0
1520565025,lo,0.00,0.00,0.00,0,0,0.00,0.00,0.00,0,0,0.00,0.00,0,0
1520565025,total,367244.00,382370.00,749614.00,382370,367244,440.00,450.00,890.00,450,440,0.00,0.00,0,0
1520565026,s1,0.00,0.00,0.00,0,0,0.00,0.00,0.00,0,0,0.00,0.00,0,0
1520565026,eth0,0.00,0.00,0.00,0,0,0.00,0.00,0.00,0,0,0.00,0.00,0,0
1520565026,eth1,0.00,0.00,0.00,0,0,0.00,0.00,0.00,0,0,0.00,0.00,0,0
1520565026,s2,0.00,0.00,0.00,0,0,0.00,0.00,0.00,0,0,0.00,0.00,0,0
1520565026,s1-eth2,12448.00,254352.00,266800.00,254352,12448,164.00,168.00,332.00,168,164,0.00,0.00,0,0
1520565026,s1-eth1,249810.00,12448.00,262258.00,12448,249810,165.00,164.00,329.00,164,165,0.00,0.00,0,0
1520565026,s2-eth2,4608.00,113550.00,118158.00,113550,4608,60.00,75.00,135.00,75,60,0.00,0.00,0,0
1520565026,s2-eth1,109350.00,4608.00,113958.00,4608,109350,73.00,60.00,133.00,60,73,0.00,0.00,0,0
1520565026,lo,0.00,0.00,0.00,0,0,0.00,0.00,0.00,0,0,0.00,0.00,0,0
1520565026,total,376216.00,384958.00,761174.00,384958,376216,462.00,467.00,929.00,467,462,0.00,0.00,0,0
1520565027,s1,0.00,0.00,0.00,0,0,0.00,0.00,0.00,0,0,0.00,0.00,0,0
1520565027,eth0,0.00,60.00,60.00,60,0,0.00,1.00,1.00,1,0,0.00,0.00,0,0
1520565027,eth1,0.00,0.00,0.00,0,0,0.00,0.00,0.00,0,0,0.00,0.00,0,0
1520565027,s2,0.00,0.00,0.00,0,0,0.00,0.00,0.00,0,0,0.00,0.00,0,0
1520565027,s1-eth2,12178.00,261922.00,274100.00,261922,12178,161.00,173.00,334.00,173,161,0.00,0.00,0,0
1520565027,s1-eth1,249810.00,12178.00,261988.00,12178,249810,165.00,161.00,326.00,161,165,0.00,0.00,0,0
1520565027,s2-eth2,5172.00,118092.00,123264.00,118092,5172,68.00,78.00,146.00,78,68,0.00,0.00,0,0
1520565027,s2-eth1,124148.00,5172.00,129320.00,5172,124148,82.00,68.00,150.00,68,82,0.00,0.00,0,0
1520565027,lo,0.00,0.00,0.00,0,0,0.00,0.00,0.00,0,0,0.00,0.00,0,0
1520565027,total,391308.00,397424.00,788732.00,397424,391308,476.00,481.00,957.00,481,476,0.00,0.00,0,0
1520565028,s1,0.00,0.00,0.00,0,0,0.00,0.00,0.00,0,0,0.00,0.00,0,0
1520565028,eth0,0.00,60.00,60.00,60,0,0.00,1.00,1.00,1,0,0.00,0.00,0,0
1520565028,eth1,0.00,0.00,0.00,0,0,0.00,0.00,0.00,0,0,0.00,0.00,0,0
1520565028,s2,0.00,0.00,0.00,0,0,0.00,0.00,0.00,0,0,0.00,0.00,0,0
1520565028,s1-eth2,12492.00,248296.00,260788.00,248296,12492,160.00,164.00,324.00,164,160,0.00,0.00,0,0
1520565028,s1-eth1,250152.00,12492.00,262644.00,12492,250152,166.00,160.00,326.00,160,166,0.00,0.00,0,0
1520565028,s2-eth2,4276.00,83270.00,87546.00,83270,4276,52.00,55.00,107.00,55,52,0.00,0.00,0,0
1520565028,s2-eth1,74186.00,4276.00,78462.00,4276,74186,49.00,52.00,101.00,52,49,0.00,0.00,0,0
1520565028,lo,0.00,0.00,0.00,0,0,0.00,0.00,0.00,0,0,0.00,0.00,0,0
1520565028,total,341106.00,348394.00,689500.00,348394,341106,427.00,432.00,859.00,432,427,0.00,0.00,0,0
1520565029,s1,0.00,0.00,0.00,0,0,0.00,0.00,0.00,0,0,0.00,0.00,0,0
1520565029,eth0,0.00,60.00,60.00,60,0,0.00,1.00,1.00,1,0,0.00,0.00,0,0
1520565029,eth1,0.00,0.00,0.00,0,0,0.00,0.00,0.00,0,0,0.00,0.00,0,0
1520565029,s2,0.00,0.00,0.00,0,0,0.00,0.00,0.00,0,0,0.00,0.00,0,0
1520565029,s1-eth2,12424.00,255908.00,268332.00,255908,12424,162.00,170.00,332.00,170,162,0.00,0.00,0,0
1520565029,s1-eth1,249852.00,12424.00,262276.00,12424,249852,166.00,162.00,328.00,162,166,0.00,0.00,0,0
1520565029,s2-eth2,2074.00,43948.00,46022.00,43948,2074,27.00,30.00,57.00,30,27,0.00,0.00,0,0
1520565029,s2-eth1,48490.00,2074.00,50564.00,2074,48490,33.00,27.00,60.00,27,33,0.00,0.00,0,0
1520565029,lo,1232.00,1232.00,2464.00,1232,1232,15.00,15.00,30.00,15,15,0.00,0.00,0,0
1520565029,total,314072.00,315646.00,629718.00,315646,314072,403.00,405.00,808.00,405,403,0.00,0.00,0,0
1520565030,s1,0.00,0.00,0.00,0,0,0.00,0.00,0.00,0,0,0.00,0.00,0,0
1520565030,eth0,0.00,0.00,0.00,0,0,0.00,0.00,0.00,0,0,0.00,0.00,0,0
1520565030,eth1,0.00,0.00,0.00,0,0,0.00,0.00,0.00,0,0,0.00,0.00,0,0
1520565030,s2,0.00,0.00,0.00,0,0,0.00,0.00,0.00,0,0,0.00,0.00,0,0
1520565030,s1-eth2,12350.00,263436.00,275786.00,263436,12350,163.00,174.00,337.00,174,163,0.00,0.00,0,0
1520565030,s1-eth1,249810.00,12350.00,262160.00,12350,249810,165.00,163.00,328.00,163,165,0.00,0.00,0,0
1520565030,s2-eth2,2868.00,74186.00,77054.00,74186,2868,38.00,49.00,87.00,49,38,0.00,0.00,0,0
1520565030,s2-eth1,62074.00,2868.00,64942.00,2868,62074,41.00,38.00,79.00,38,41,0.00,0.00,0,0
1520565030,lo,0.00,0.00,0.00,0,0,0.00,0.00,0.00,0,0,0.00,0.00,0,0
1520565030,total,327102.00,352840.00,679942.00,352840,327102,407.00,424.00,831.00,424,407,0.00,0.00,0,0
1520565031,s1,0.00,0.00,0.00,0,0,0.00,0.00,0.00,0,0,0.00,0.00,0,0
1520565031,eth0,0.00,60.00,60.00,60,0,0.00,1.00,1.00,1,0,0.00,0.00,0,0
1520565031,eth1,0.00,0.00,0.00,0,0,0.00,0.00,0.00,0,0,0.00,0.00,0,0
1520565031,s2,0.00,0.00,0.00,0,0,0.00,0.00,0.00,0,0,0.00,0.00,0,0
1520565031,s1-eth2,12870.00,251324.00,264194.00,251324,12870,163.00,166.00,329.00,166,163,0.00,0.00,0,0
1520565031,s1-eth1,249810.00,12602.00,262412.00,12602,249810,165.00,163.00,328.00,163,165,0.00,0.00,0,0
1520565031,s2-eth2,3124.00,60560.00,63684.00,60560,3124,40.00,40.00,80.00,40,40,0.00,0.00,0,0
1520565031,s2-eth1,68130.00,3124.00,71254.00,3124,68130,45.00,40.00,85.00,40,45,0.00,0.00,0,0
1520565031,lo,0.00,0.00,0.00,0,0,0.00,0.00,0.00,0,0,0.00,0.00,0,0
1520565031,total,333934.00,327670.00,661604.00,327670,333934,413.00,410.00,823.00,410,413,0.00,0.00,0,0
1520565032,s1,0.00,0.00,0.00,0,0,0.00,0.00,0.00,0,0,0.00,0.00,0,0
1520565032,eth0,0.00,60.00,60.00,60,0,0.00,1.00,1.00,1,0,0.00,0.00,0,0
1520565032,eth1,0.00,0.00,0.00,0,0,0.00,0.00,0.00,0,0,0.00,0.00,0,0
1520565032,s2,0.00,0.00,0.00,0,0,0.00,0.00,0.00,0,0,0.00,0.00,0,0
1520565032,s1-eth2,12688.00,255866.00,268554.00,255866,12688,164.00,169.00,333.00,169,164,0.00,0.00,0,0
1520565032,s1-eth1,251324.00,12614.00,263938.00,12614,251324,166.00,163.00,329.00,163,166,0.00,0.00,0,0
1520565032,s2-eth2,3520.00,71158.00,74678.00,71158,3520,42.00,47.00,89.00,47,42,0.00,0.00,0,0
1520565032,s2-eth1,63588.00,3178.00,66766.00,3178,63588,42.00,41.00,83.00,41,42,0.00,0.00,0,0
1520565032,lo,0.00,0.00,0.00,0,0,0.00,0.00,0.00,0,0,0.00,0.00,0,0
1520565032,total,331120.00,342876.00,673996.00,342876,331120,414.00,421.00,835.00,421,414,0.00,0.00,0,0
1520565033,s1,0.00,0.00,0.00,0,0,0.00,0.00,0.00,0,0,0.00,0.00,0,0
1520565033,eth0,0.00,60.00,60.00,60,0,0.00,1.00,1.00,1,0,0.00,0.00,0,0
1520565033,eth1,0.00,0.00,0.00,0,0,0.00,0.00,0.00,0,0,0.00,0.00,0,0
1520565033,s2,0.00,0.00,0.00,0,0,0.00,0.00,0.00,0,0,0.00,0.00,0,0
1520565033,s1-eth2,12050.00,258894.00,270944.00,258894,12050,157.00,171.00,328.00,171,157,0.00,0.00,0,0
1520565033,s1-eth1,249810.00,12050.00,261860.00,12050,249810,165.00,157.00,322.00,157,165,0.00,0.00,0,0
1520565033,s2-eth2,2294.00,68130.00,70424.00,68130,2294,31.00,45.00,76.00,45,31,0.00,0.00,0,0
1520565033,s2-eth1,69986.00,2294.00,72280.00,2294,69986,47.00,31.00,78.00,31,47,0.00,0.00,0,0
1520565033,lo,0.00,0.00,0.00,0,0,0.00,0.00,0.00,0,0,0.00,0.00,0,0
1520565033,total,334140.00,341428.00,675568.00,341428,334140,400.00,405.00,805.00,405,400,0.00,0.00,0,0
1520565034,s1,0.00,0.00,0.00,0,0,0.00,0.00,0.00,0,0,0.00,0.00,0,0
1520565034,eth0,0.00,60.00,60.00,60,0,0.00,1.00,1.00,1,0,0.00,0.00,0,0
1520565034,eth1,0.00,0.00,0.00,0,0,0.00,0.00,0.00,0,0,0.00,0.00,0,0
1520565034,s2,0.00,0.00,0.00,0,0,0.00,0.00,0.00,0,0,0.00,0.00,0,0
1520565034,s1-eth2,12202.00,261922.00,274124.00,261922,12202,161.00,173.00,334.00,173,161,0.00,0.00,0,0
1520565034,s1-eth1,249810.00,12202.00,262012.00,12202,249810,165.00,161.00,326.00,161,165,0.00,0.00,0,0
1520565034,s2-eth2,1998.00,77214.00,79212.00,77214,1998,27.00,51.00,78.00,51,27,0.00,0.00,0,0
1520565034,s2-eth1,72672.00,1998.00,74670.00,1998,72672,48.00,27.00,75.00,27,48,0.00,0.00,0,0
1520565034,lo,344.00,344.00,688.00,344,344,6.00,6.00,12.00,6,6,0.00,0.00,0,0
1520565034,total,337026.00,353740.00,690766.00,353740,337026,407.00,419.00,826.00,419,407,0.00,0.00,0,0
1520565035,s1,0.00,0.00,0.00,0,0,0.00,0.00,0.00,0,0,0.00,0.00,0,0
1520565035,eth0,0.00,60.00,60.00,60,0,0.00,1.00,1.00,1,0,0.00,0.00,0,0
1520565035,eth1,0.00,0.00,0.00,0,0,0.00,0.00,0.00,0,0,0.00,0.00,0,0
1520565035,s2,0.00,0.00,0.00,0,0,0.00,0.00,0.00,0,0,0.00,0.00,0,0
1520565035,s1-eth2,12334.00,252838.00,265172.00,252838,12334,161.00,167.00,328.00,167,161,0.00,0.00,0,0
1520565035,s1-eth1,249810.00,12334.00,262144.00,12334,249810,165.00,161.00,326.00,161,165,0.00,0.00,0,0
1520565035,s2-eth2,3262.00,62074.00,65336.00,62074,3262,41.00,41.00,82.00,41,41,0.00,0.00,0,0
1520565035,s2-eth1,62074.00,3262.00,65336.00,3262,62074,41.00,41.00,82.00,41,41,0.00,0.00,0,0
1520565035,lo,0.00,0.00,0.00,0,0,0.00,0.00,0.00,0,0,0.00,0.00,0,0
1520565035,total,327480.00,330568.00,658048.00,330568,327480,408.00,411.00,819.00,411,408,0.00,0.00,0,0
1520565036,s1,0.00,0.00,0.00,0,0,0.00,0.00,0.00,0,0,0.00,0.00,0,0
1520565036,eth0,0.00,60.00,60.00,60,0,0.00,1.00,1.00,1,0,0.00,0.00,0,0
1520565036,eth1,0.00,0.00,0.00,0,0,0.00,0.00,0.00,0,0,0.00,0.00,0,0
1520565036,s2,0.00,0.00,0.00,0,0,0.00,0.00,0.00,0,0,0.00,0.00,0,0
1520565036,s1-eth2,12280.00,254352.00,266632.00,254352,12280,158.00,168.00,326.00,168,158,0.00,0.00,0,0
1520565036,s1-eth1,249810.00,12280.00,262090.00,12280,249810,165.00,158.00,323.00,158,165,0.00,0.00,0,0
1520565036,s2-eth2,2564.00,72672.00,75236.00,72672,2564,34.00,48.00,82.00,48,34,0.00,0.00,0,0
1520565036,s2-eth1,72672.00,2564.00,75236.00,2564,72672,48.00,34.00,82.00,34,48,0.00,0.00,0,0
1520565036,lo,0.00,0.00,0.00,0,0,0.00,0.00,0.00,0,0,0.00,0.00,0,0
1520565036,total,337326.00,341928.00,679254.00,341928,337326,405.00,409.00,814.00,409,405,0.00,0.00,0,0
1520565037,s1,0.00,0.00,0.00,0,0,0.00,0.00,0.00,0,0,0.00,0.00,0,0
1520565037,eth0,0.00,0.00,0.00,0,0,0.00,0.00,0.00,0,0,0.00,0.00,0,0
1520565037,eth1,0.00,0.00,0.00,0,0,0.00,0.00,0.00,0,0,0.00,0.00,0,0
1520565037,s2,0.00,0.00,0.00,0,0,0.00,0.00,0.00,0,0,0.00,0.00,0,0
1520565037,s1-eth2,12340.00,261922.00,274262.00,261922,12340,162.00,173.00,335.00,173,162,0.00,0.00,0,0
1520565037,s1-eth1,251072.94,12327.67,263400.59,12340,251324,165.83,161.84,327.67,162,166,0.00,0.00,0,0
1520565037,s2-eth2,2781.22,75624.38,78405.59,75700,2784,35.96,49.95,85.91,50,36,0.00,0.00,0,0
1520565037,s2-eth1,69574.43,2781.22,72355.65,2784,69644,45.95,35.96,81.92,36,46,0.00,0.00,0,0
1520565037,lo,0.00,0.00,0.00,0,0,0.00,0.00,0.00,0,0,0.00,0.00,0,0
1520565037,total,336092.00,352746.00,688838.00,352746,336092,410.00,421.00,831.00,421,410,0.00,0.00,0,0
1520565038,s1,0.00,0.00,0.00,0,0,0.00,0.00,0.00,0,0,0.00,0.00,0,0
1520565038,eth0,0.00,120.00,120.00,120,0,0.00,2.00,2.00,2,0,0.00,0.00,0,0
1520565038,eth1,0.00,0.00,0.00,0,0,0.00,0.00,0.00,0,0,0.00,0.00,0,0
1520565038,s2,0.00,0.00,0.00,0,0,0.00,0.00,0.00,0,0,0.00,0.00,0,0
1520565038,s1-eth2,12284.00,255866.00,268150.00,255866,12284,160.00,169.00,329.00,169,160,0.00,0.00,0,0
1520565038,s1-eth1,249810.00,12284.00,262094.00,12284,249810,165.00,160.00,325.00,160,165,0.00,0.00,0,0
1520565038,s2-eth2,3544.00,68130.00,71674.00,68130,3544,44.00,45.00,89.00,45,44,0.00,0.00,0,0
1520565038,s2-eth1,65102.00,3544.00,68646.00,3544,65102,43.00,44.00,87.00,44,43,0.00,0.00,0,0
1520565038,lo,0.00,0.00,0.00,0,0,0.00,0.00,0.00,0,0,0.00,0.00,0,0
1520565038,total,330740.00,339944.00,670684.00,339944,330740,412.00,420.00,832.00,420,412,0.00,0.00,0,0
1520565039,s1,0.00,0.00,0.00,0,0,0.00,0.00,0.00,0,0,0.00,0.00,0,0
1520565039,eth0,0.00,60.00,60.00,60,0,0.00,1.00,1.00,1,0,0.00,0.00,0,0
1520565039,eth1,0.00,0.00,0.00,0,0,0.00,0.00,0.00,0,0,0.00,0.00,0,0
1520565039,s2,0.00,0.00,0.00,0,0,0.00,0.00,0.00,0,0,0.00,0.00,0,0
1520565039,s1-eth2,12162.00,257380.00,269542.00,257380,12162,159.00,170.00,329.00,170,159,0.00,0.00,0,0
1520565039,s1-eth1,249810.00,12162.00,261972.00,12162,249810,165.00,159.00,324.00,159,165,0.00,0.00,0,0
1520565039,s2-eth2,2872.00,81756.00,84628.00,81756,2872,38.00,54.00,92.00,54,38,0.00,0.00,0,0
1520565039,s2-eth1,83270.00,2872.00,86142.00,2872,83270,55.00,38.00,93.00,38,55,0.00,0.00,0,0
1520565039,lo,344.00,344.00,688.00,344,344,6.00,6.00,12.00,6,6,0.00,0.00,0,0
1520565039,total,348458.00,354574.00,703032.00,354574,348458,423.00,428.00,851.00,428,423,0.00,0.00,0,0
1520565040,s1,0.00,0.00,0.00,0,0,0.00,0.00,0.00,0,0,0.00,0.00,0,0
1520565040,eth0,0.00,146.00,146.00,146,0,0.00,2.00,2.00,2,0,0.00,0.00,0,0
1520565040,eth1,0.00,86.00,86.00,86,0,0.00,1.00,1.00,1,0,0.00,0.00,0,0
1520565040,s2,0.00,0.00,0.00,0,0,0.00,0.00,0.00,0,0,0.00,0.00,0,0
1520565040,s1-eth2,11882.00,258894.00,270776.00,258894,11882,157.00,171.00,328.00,171,157,0.00,0.00,0,0
1520565040,s1-eth1,249810.00,11882.00,261692.00,11882,249810,165.00,157.00,322.00,157,165,0.00,0.00,0,0
1520565040,s2-eth2,3128.00,57532.00,60660.00,57532,3128,36.00,38.00,74.00,38,36,0.00,0.00,0,0
1520565040,s2-eth1,59046.00,2786.00,61832.00,2786,59046,39.00,35.00,74.00,35,39,0.00,0.00,0,0
1520565040,lo,0.00,0.00,0.00,0,0,0.00,0.00,0.00,0,0,0.00,0.00,0,0
1520565040,total,323866.00,331326.00,655192.00,331326,323866,397.00,404.00,801.00,404,397,0.00,0.00,0,0
1520565041,s1,0.00,0.00,0.00,0,0,0.00,0.00,0.00,0,0,0.00,0.00,0,0
1520565041,eth0,0.00,0.00,0.00,0,0,0.00,0.00,0.00,0,0,0.00,0.00,0,0
1520565041,eth1,0.00,0.00,0.00,0,0,0.00,0.00,0.00,0,0,0.00,0.00,0,0
1520565041,s2,0.00,0.00,0.00,0,0,0.00,0.00,0.00,0,0,0.00,0.00,0,0
1520565041,s1-eth2,12578.00,254352.00,266930.00,254352,12578,163.00,168.00,331.00,168,163,0.00,0.00,0,0
1520565041,s1-eth1,250152.00,12578.00,262730.00,12578,250152,166.00,163.00,329.00,163,166,0.00,0.00,0,0
1520565041,s2-eth2,3034.00,75700.00,78734.00,75700,3034,41.00,50.00,91.00,50,41,0.00,0.00,0,0
1520565041,s2-eth1,71158.00,3034.00,74192.00,3034,71158,47.00,41.00,88.00,41,47,0.00,0.00,0,0
1520565041,lo,0.00,0.00,0.00,0,0,0.00,0.00,0.00,0,0,0.00,0.00,0,0
1520565041,total,336922.00,345664.00,682586.00,345664,336922,417.00,422.00,839.00,422,417,0.00,0.00,0,0
1520565042,s1,0.00,0.00,0.00,0,0,0.00,0.00,0.00,0,0,0.00,0.00,0,0
1520565042,eth0,0.00,0.00,0.00,0,0,0.00,0.00,0.00,0,0,0.00,0.00,0,0
1520565042,eth1,0.00,0.00,0.00,0,0,0.00,0.00,0.00,0,0,0.00,0.00,0,0
1520565042,s2,0.00,0.00,0.00,0,0,0.00,0.00,0.00,0,0,0.00,0.00,0,0
1520565042,s1-eth2,12770.00,257380.00,270150.00,257380,12770,163.00,170.00,333.00,170,163,0.00,0.00,0,0
1520565042,s1-eth1,249810.00,12844.00,262654.00,12844,249810,165.00,164.00,329.00,164,165,0.00,0.00,0,0
1520565042,s2-eth2,4504.00,92354.00,96858.00,92354,4504,58.00,61.00,119.00,61,58,0.00,0.00,0,0
1520565042,s2-eth1,86298.00,4504.00,90802.00,4504,86298,57.00,58.00,115.00,58,57,0.00,0.00,0,0
1520565042,lo,0.00,0.00,0.00,0,0,0.00,0.00,0.00,0,0,0.00,0.00,0,0
1520565042,total,353382.00,367082.00,720464.00,367082,353382,443.00,453.00,896.00,453,443,0.00,0.00,0,0
1520565043,s1,0.00,0.00,0.00,0,0,0.00,0.00,0.00,0,0,0.00,0.00,0,0
1520565043,eth0,0.00,59.94,59.94,60,0,0.00,1.00,1.00,1,0,0.00,0.00,0,0
1520565043,eth1,0.00,0.00,0.00,0,0,0.00,0.00,0.00,0,0,0.00,0.00,0,0
1520565043,s2,0.00,0.00,0.00,0,0,0.00,0.00,0.00,0,0,0.00,0.00,0,0
1520565043,s1-eth2,12375.62,263172.84,275548.47,263436,12388,159.84,173.83,333.67,174,160,0.00,0.00,0,0
1520565043,s1-eth1,249560.45,12301.70,261862.14,12314,249810,164.84,158.84,323.68,159,165,0.00,0.00,0,0
1520565043,s2-eth2,3458.54,81674.33,85132.87,81756,3462,44.96,53.95,98.90,54,45,0.00,0.00,0,0
1520565043,s2-eth1,83186.81,3458.54,86645.36,3462,83270,54.95,44.96,99.90,45,55,0.00,0.00,0,0
1520565043,lo,0.00,0.00,0.00,0,0,0.00,0.00,0.00,0,0,0.00,0.00,0,0
1520565043,total,348581.44,360667.34,709248.75,361028,348930,424.58,432.57,857.14,433,425,0.00,0.00,0,0
1520565044,s1,0.00,0.00,0.00,0,0,0.00,0.00,0.00,0,0,0.00,0.00,0,0
1520565044,eth0,0.00,60.00,60.00,60,0,0.00,1.00,1.00,1,0,0.00,0.00,0,0
1520565044,eth1,0.00,0.00,0.00,0,0,0.00,0.00,0.00,0,0,0.00,0.00,0,0
1520565044,s2,0.00,0.00,0.00,0,0,0.00,0.00,0.00,0,0,0.00,0.00,0,0
1520565044,s1-eth2,12344.00,260408.00,272752.00,260408,12344,160.00,172.00,332.00,172,160,0.00,0.00,0,0
1520565044,s1-eth1,249810.00,12344.00,262154.00,12344,249810,165.00,160.00,325.00,160,165,0.00,0.00,0,0
1520565044,s2-eth2,2994.00,80242.00,83236.00,80242,2994,39.00,53.00,92.00,53,39,0.00,0.00,0,0
1520565044,s2-eth1,75700.00,2994.00,78694.00,2994,75700,50.00,39.00,89.00,39,50,0.00,0.00,0,0
1520565044,lo,344.00,344.00,688.00,344,344,6.00,6.00,12.00,6,6,0.00,0.00,0,0
1520565044,total,341192.00,356392.00,697584.00,356392,341192,420.00,431.00,851.00,431,420,0.00,0.00,0,0
1520565045,s1,0.00,0.00,0.00,0,0,0.00,0.00,0.00,0,0,0.00,0.00,0,0
1520565045,eth0,0.00,60.00,60.00,60,0,0.00,1.00,1.00,1,0,0.00,0.00,0,0
1520565045,eth1,0.00,0.00,0.00,0,0,0.00,0.00,0.00,0,0,0.00,0.00,0,0
1520565045,s2,0.00,0.00,0.00,0,0,0.00,0.00,0.00,0,0,0.00,0.00,0,0
1520565045,s1-eth2,12152.00,257380.00,269532.00,257380,12152,160.00,170.00,330.00,170,160,0.00,0.00,0,0
1520565045,s1-eth1,251324.00,12152.00,263476.00,12152,251324,166.00,160.00,326.00,160,166,0.00,0.00,0,0
1520565045,s2-eth2,2902.00,77214.00,80116.00,77214,2902,37.00,51.00,88.00,51,37,0.00,0.00,0,0
1520565045,s2-eth1,74186.00,2902.00,77088.00,2902,74186,49.00,37.00,86.00,37,49,0.00,0.00,0,0
1520565045,lo,0.00,0.00,0.00,0,0,0.00,0.00,0.00,0,0,0.00,0.00,0,0
1520565045,total,340564.00,349708.00,690272.00,349708,340564,412.00,419.00,831.00,419,412,0.00,0.00,0,0
1520565046,s1,0.00,0.00,0.00,0,0,0.00,0.00,0.00,0,0,0.00,0.00,0,0
1520565046,eth0,596.00,738.00,1334.00,738,596,6.00,6.00,12.00,6,6,0.00,0.00,0,0
1520565046,eth1,0.00,0.00,0.00,0,0,0.00,0.00,0.00,0,0,0.00,0.00,0,0
1520565046,s2,0.00,0.00,0.00,0,0,0.00,0.00,0.00,0,0,0.00,0.00,0,0
1520565046,s1-eth2,10608.00,204390.00,214998.00,204390,10608,134.00,135.00,269.00,135,134,0.00,0.00,0,0
1520565046,s1-eth1,204990.00,10098.00,215088.00,10098,204990,139.00,131.00,270.00,131,139,0.00,0.00,0,0
1520565046,s2-eth2,4296.00,89326.00,93622.00,89326,4296,54.00,59.00,113.00,59,54,0.00,0.00,0,0
1520565046,s2-eth1,89926.00,3774.00,93700.00,3774,89926,63.00,51.00,114.00,51,63,0.00,0.00,0,0
1520565046,lo,682.00,682.00,1364.00,682,682,8.00,8.00,16.00,8,8,0.00,0.00,0,0
1520565046,total,311098.00,309008.00,620106.00,309008,311098,404.00,390.00,794.00,390,404,0.00,0.00,0,0
1520565047,s1,0.00,0.00,0.00,0,0,0.00,0.00,0.00,0,0,0.00,0.00,0,0
1520565047,eth0,768.00,1200.00,1968.00,1200,768,8.00,9.00,17.00,9,8,0.00,0.00,0,0
1520565047,eth1,0.00,0.00,0.00,0,0,0.00,0.00,0.00,0,0,0.00,0.00,0,0
1520565047,s2,0.00,0.00,0.00,0,0,0.00,0.00,0.00,0,0,0.00,0.00,0,0
1520565047,s1-eth2,11372.00,245268.00,256640.00,245268,11372,150.00,162.00,312.00,162,150,0.00,0.00,0,0
1520565047,s1-eth1,231802.00,11032.00,242834.00,11032,231802,155.00,146.00,301.00,146,155,0.00,0.00,0,0
1520565047,s2-eth2,4440.00,92354.00,96794.00,92354,4440,58.00,61.00,119.00,61,58,0.00,0.00,0,0
1520565047,s2-eth1,94028.00,4362.00,98390.00,4362,94028,64.00,57.00,121.00,57,64,0.00,0.00,0,0
1520565047,lo,1364.00,1364.00,2728.00,1364,1364,16.00,16.00,32.00,16,16,0.00,0.00,0,0
1520565047,total,343774.00,355580.00,699354.00,355580,343774,451.00,451.00,902.00,451,451,0.00,0.00,0,0
1520565048,s1,0.00,0.00,0.00,0,0,0.00,0.00,0.00,0,0,0.00,0.00,0,0
1520565048,eth0,192.00,345.00,537.00,345,192,2.00,3.00,5.00,3,2,0.00,0.00,0,0
1520565048,eth1,0.00,0.00,0.00,0,0,0.00,0.00,0.00,0,0,0.00,0.00,0,0
1520565048,s2,0.00,0.00,0.00,0,0,0.00,0.00,0.00,0,0,0.00,0.00,0,0
1520565048,s1-eth2,12680.00,257380.00,270060.00,257380,12680,160.00,170.00,330.00,170,160,0.00,0.00,0,0
1520565048,s1-eth1,249900.00,12338.00,262238.00,12338,249900,166.00,159.00,325.00,159,166,0.00,0.00,0,0
1520565048,s2-eth2,5398.00,101438.00,106836.00,101438,5398,67.00,67.00,134.00,67,67,0.00,0.00,0,0
1520565048,s2-eth1,98842.00,4806.00,103648.00,4806,98842,67.00,63.00,130.00,63,67,0.00,0.00,0,0
1520565048,lo,341.00,341.00,682.00,341,341,4.00,4.00,8.00,4,4,0.00,0.00,0,0
1520565048,total,367353.00,376648.00,744001.00,376648,367353,466.00,466.00,932.00,466,466,0.00,0.00,0,0
1520565049,s1,0.00,0.00,0.00,0,0,0.00,0.00,0.00,0,0,0.00,0.00,0,0
1520565049,eth0,192.00,285.00,477.00,285,192,2.00,2.00,4.00,2,2,0.00,0.00,0,0
1520565049,eth1,0.00,0.00,0.00,0,0,0.00,0.00,0.00,0,0,0.00,0.00,0,0
1520565049,s2,0.00,0.00,0.00,0,0,0.00,0.00,0.00,0,0,0.00,0.00,0,0
1520565049,s1-eth2,12396.00,257380.00,269776.00,257380,12396,162.00,170.00,332.00,170,162,0.00,0.00,0,0
1520565049,s1-eth1,250152.00,12396.00,262548.00,12396,250152,166.00,162.00,328.00,162,166,0.00,0.00,0,0
1520565049,s2-eth2,3454.00,71158.00,74612.00,71158,3454,43.00,47.00,90.00,47,43,0.00,0.00,0,0
1520565049,s2-eth1,66616.00,3454.00,70070.00,3454,66616,44.00,43.00,87.00,43,44,0.00,0.00,0,0
1520565049,lo,685.00,685.00,1370.00,685,685,10.00,10.00,20.00,10,10,0.00,0.00,0,0
1520565049,total,333495.00,345358.00,678853.00,345358,333495,427.00,434.00,861.00,434,427,0.00,0.00,0,0
1520565050,s1,0.00,0.00,0.00,0,0,0.00,0.00,0.00,0,0,0.00,0.00,0,0
1520565050,eth0,0.00,59.94,59.94,60,0,0.00,1.00,1.00,1,0,0.00,0.00,0,0
1520565050,eth1,0.00,0.00,0.00,0,0,0.00,0.00,0.00,0,0,0.00,0.00,0,0
1520565050,s2,0.00,0.00,0.00,0,0,0.00,0.00,0.00,0,0,0.00,0.00,0,0
1520565050,s1-eth2,12315.68,257122.89,269438.56,257380,12328,159.84,169.83,329.67,170,160,0.00,0.00,0,0
1520565050,s1-eth1,249560.45,12389.61,261950.06,12402,249810,164.84,160.84,325.67,161,165,0.00,0.00,0,0
1520565050,s2-eth2,2914.17,66483.04,69397.21,66616,2920,37.92,43.91,81.84,44,38,0.00,0.00,0,0
1520565050,s2-eth1,63461.08,2914.17,66375.25,2920,63588,41.92,37.92,79.84,38,42,0.00,0.00,0,0
1520565050,lo,0.00,0.00,0.00,0,0,0.00,0.00,0.00,0,0,0.00,0.00,0,0
1520565050,total,327990.03,338700.59,666690.62,339378,328646,404.19,413.17,817.37,414,405,0.00,0.00,0,0
1520565051,s1,0.00,0.00,0.00,0,0,0.00,0.00,0.00,0,0,0.00,0.00,0,0
1520565051,eth0,145.85,197.80,343.66,198,146,2.00,3.00,5.00,3,2,0.00,0.00,0,0
1520565051,eth1,0.00,0.00,0.00,0,0,0.00,0.00,0.00,0,0,0.00,0.00,0,0
1520565051,s2,0.00,0.00,0.00,0,0,0.00,0.00,0.00,0,0,0.00,0.00,0,0
1520565051,s1-eth2,12635.37,257122.89,269758.25,257380,12648,163.84,169.83,333.67,170,164,0.00,0.00,0,0
1520565051,s1-eth1,251142.86,12491.51,263634.38,12504,251394,166.83,161.84,328.67,162,167,0.00,0.00,0,0
1520565051,s2-eth2,2991.01,66549.45,69540.46,66616,2994,38.96,43.96,82.92,44,39,0.00,0.00,0,0
1520565051,s2-eth1,68131.87,2991.01,71122.88,2994,68200,45.95,38.96,84.92,39,46,0.00,0.00,0,0
1520565051,lo,0.00,0.00,0.00,0,0,0.00,0.00,0.00,0,0,0.00,0.00,0,0
1520565051,total,335046.97,339352.66,674399.62,339692,335382,417.58,417.58,835.16,418,418,0.00,0.00,0,0
1520565052,s1,0.00,0.00,0.00,0,0,0.00,0.00,0.00,0,0,0.00,0.00,0,0
1520565052,eth0,0.00,60.00,60.00,60,0,0.00,1.00,1.00,1,0,0.00,0.00,0,0
1520565052,eth1,0.00,0.00,0.00,0,0,0.00,0.00,0.00,0,0,0.00,0.00,0,0
1520565052,s2,0.00,0.00,0.00,0,0,0.00,0.00,0.00,0,0,0.00,0.00,0,0
1520565052,s1-eth2,12006.00,258894.00,270900.00,258894,12006,159.00,171.00,330.00,171,159,0.00,0.00,0,0
1520565052,s1-eth1,249810.00,12006.00,261816.00,12006,249810,165.00,159.00,324.00,159,165,0.00,0.00,0,0
1520565052,s2-eth2,2804.00,68130.00,70934.00,68130,2804,36.00,45.00,81.00,45,36,0.00,0.00,0,0
1520565052,s2-eth1,57532.00,2734.00,60266.00,2734,57532,38.00,35.00,73.00,35,38,0.00,0.00,0,0
1520565052,lo,0.00,0.00,0.00,0,0,0.00,0.00,0.00,0,0,0.00,0.00,0,0
1520565052,total,322152.00,341824.00,663976.00,341824,322152,398.00,411.00,809.00,411,398,0.00,0.00,0,0
1520565053,s1,0.00,0.00,0.00,0,0,0.00,0.00,0.00,0,0,0.00,0.00,0,0
1520565053,eth0,0.00,0.00,0.00,0,0,0.00,0.00,0.00,0,0,0.00,0.00,0,0
1520565053,eth1,0.00,0.00,0.00,0,0,0.00,0.00,0.00,0,0,0.00,0.00,0,0
1520565053,s2,0.00,0.00,0.00,0,0,0.00,0.00,0.00,0,0,0.00,0.00,0,0
1520565053,s1-eth2,12076.00,261964.00,274040.00,261964,12076,160.00,174.00,334.00,174,160,0.00,0.00,0,0
1520565053,s1-eth1,249810.00,11734.00,261544.00,11734,249810,165.00,159.00,324.00,159,165,0.00,0.00,0,0
1520565053,s2-eth2,1960.00,71158.00,73118.00,71158,1960,26.00,47.00,73.00,47,26,0.00,0.00,0,0
1520565053,s2-eth1,81756.00,1960.00,83716.00,1960,81756,54.00,26.00,80.00,26,54,0.00,0.00,0,0
1520565053,lo,0.00,0.00,0.00,0,0,0.00,0.00,0.00,0,0,0.00,0.00,0,0
1520565053,total,345602.00,346816.00,692418.00,346816,345602,405.00,406.00,811.00,406,405,0.00,0.00,0,0
1520565054,s1,0.00,0.00,0.00,0,0,0.00,0.00,0.00,0,0,0.00,0.00,0,0
1520565054,eth0,0.00,60.00,60.00,60,0,0.00,1.00,1.00,1,0,0.00,0.00,0,0
1520565054,eth1,0.00,0.00,0.00,0,0,0.00,0.00,0.00,0,0,0.00,0.00,0,0
1520565054,s2,0.00,0.00,0.00,0,0,0.00,0.00,0.00,0,0,0.00,0.00,0,0
1520565054,s1-eth2,12828.00,255908.00,268736.00,255908,12828,162.00,170.00,332.00,170,162,0.00,0.00,0,0
1520565054,s1-eth1,249852.00,12828.00,262680.00,12828,249852,166.00,162.00,328.00,162,166,0.00,0.00,0,0
1520565054,s2-eth2,3670.00,75700.00,79370.00,75700,3670,45.00,50.00,95.00,50,45,0.00,0.00,0,0
1520565054,s2-eth1,68130.00,3328.00,71458.00,3328,68130,45.00,44.00,89.00,44,45,0.00,0.00,0,0
1520565054,lo,344.00,344.00,688.00,344,344,6.00,6.00,12.00,6,6,0.00,0.00,0,0
1520565054,total,334824.00,348168.00,682992.00,348168,334824,424.00,433.00,857.00,433,424,0.00,0.00,0,0
1520565055,s1,0.00,0.00,0.00,0,0,0.00,0.00,0.00,0,0,0.00,0.00,0,0
1520565055,eth0,0.00,59.94,59.94,60,0,0.00,1.00,1.00,1,0,0.00,0.00,0,0
1520565055,eth1,0.00,0.00,0.00,0,0,0.00,0.00,0.00,0,0,0.00,0.00,0,0
1520565055,s2,0.00,0.00,0.00,0,0,0.00,0.00,0.00,0,0,0.00,0.00,0,0
1520565055,s1-eth2,12637.36,249560.45,262197.81,249810,12650,160.84,164.84,325.67,165,161,0.00,0.00,0,0
1520565055,s1-eth1,251142.86,12567.43,263710.31,12580,251394,166.83,159.84,326.67,160,167,0.00,0.00,0,0
1520565055,s2-eth2,3424.58,75624.38,79048.95,75700,3428,43.96,49.95,93.91,50,44,0.00,0.00,0,0
1520565055,s2-eth1,71498.50,3424.58,74923.08,3428,71570,48.95,43.96,92.91,44,49,0.00,0.00,0,0
1520565055,lo,0.00,0.00,0.00,0,0,0.00,0.00,0.00,0,0,0.00,0.00,0,0
1520565055,total,338703.31,341236.78,679940.06,341578,339042,420.58,419.58,840.16,420,421,0.00,0.00,0,0
1520565056,s1,0.00,0.00,0.00,0,0,0.00,0.00,0.00,0,0,0.00,0.00,0,0
1520565056,eth0,0.00,60.00,60.00,60,0,0.00,1.00,1.00,1,0,0.00,0.00,0,0
1520565056,eth1,0.00,0.00,0.00,0,0,0.00,0.00,0.00,0,0,0.00,0.00,0,0
1520565056,s2,0.00,0.00,0.00,0,0,0.00,0.00,0.00,0,0,0.00,0.00,0,0
1520565056,s1-eth2,12358.00,260408.00,272766.00,260408,12358,161.00,172.00,333.00,172,161,0.00,0.00,0,0
1520565056,s1-eth1,250152.00,12358.00,262510.00,12358,250152,166.00,161.00,327.00,161,166,0.00,0.00,0,0
1520565056,s2-eth2,3282.00,60560.00,63842.00,60560,3282,41.00,40.00,81.00,40,41,0.00,0.00,0,0
1520565056,s2-eth1,60560.00,3212.00,63772.00,3212,60560,40.00,40.00,80.00,40,40,0.00,0.00,0,0
1520565056,lo,0.00,0.00,0.00,0,0,0.00,0.00,0.00,0,0,0.00,0.00,0,0
1520565056,total,326352.00,336598.00,662950.00,336598,326352,408.00,414.00,822.00,414,408,0.00,0.00,0,0
1520565057,s1,0.00,0.00,0.00,0,0,0.00,0.00,0.00,0,0,0.00,0.00,0,0
1520565057,eth0,0.00,60.00,60.00,60,0,0.00,1.00,1.00,1,0,0.00,0.00,0,0
1520565057,eth1,0.00,0.00,0.00,0,0,0.00,0.00,0.00,0,0,0.00,0.00,0,0
1520565057,s2,0.00,0.00,0.00,0,0,0.00,0.00,0.00,0,0,0.00,0.00,0,0
1520565057,s1-eth2,11712.00,261922.00,273634.00,261922,11712,156.00,173.00,329.00,173,156,0.00,0.00,0,0
1520565057,s1-eth1,249810.00,11712.00,261522.00,11712,249810,165.00,156.00,321.00,156,165,0.00,0.00,0,0
1520565057,s2-eth2,1736.00,34822.00,36558.00,34822,1736,22.00,23.00,45.00,23,22,0.00,0.00,0,0
1520565057,s2-eth1,37850.00,1736.00,39586.00,1736,37850,25.00,22.00,47.00,22,25,0.00,0.00,0,0
1520565057,lo,0.00,0.00,0.00,0,0,0.00,0.00,0.00,0,0,0.00,0.00,0,0
1520565057,total,301108.00,310252.00,611360.00,310252,301108,368.00,375.00,743.00,375,368,0.00,0.00,0,0
1520565058,s1,0.00,0.00,0.00,0,0,0.00,0.00,0.00,0,0,0.00,0.00,0,0
1520565058,eth0,0.00,60.00,60.00,60,0,0.00,1.00,1.00,1,0,0.00,0.00,0,0
1520565058,eth1,0.00,0.00,0.00,0,0,0.00,0.00,0.00,0,0,0.00,0.00,0,0
1520565058,s2,0.00,0.00,0.00,0,0,0.00,0.00,0.00,0,0,0.00,0.00,0,0
1520565058,s1-eth2,12552.00,254352.00,266904.00,254352,12552,162.00,168.00,330.00,168,162,0.00,0.00,0,0
1520565058,s1-eth1,249810.00,12552.00,262362.00,12552,249810,165.00,162.00,327.00,162,165,0.00,0.00,0,0
1520565058,s2-eth2,2146.00,52990.00,55136.00,52990,2146,29.00,35.00,64.00,35,29,0.00,0.00,0,0
1520565058,s2-eth1,46934.00,2146.00,49080.00,2146,46934,31.00,29.00,60.00,29,31,0.00,0.00,0,0
1520565058,lo,0.00,0.00,0.00,0,0,0.00,0.00,0.00,0,0,0.00,0.00,0,0
1520565058,total,311442.00,322100.00,633542.00,322100,311442,387.00,395.00,782.00,395,387,0.00,0.00,0,0
1520565059,s1,0.00,0.00,0.00,0,0,0.00,0.00,0.00,0,0,0.00,0.00,0,0
1520565059,eth0,0.00,59.94,59.94,60,0,0.00,1.00,1.00,1,0,0.00,0.00,0,0
1520565059,eth1,0.00,0.00,0.00,0,0,0.00,0.00,0.00,0,0,0.00,0.00,0,0
1520565059,s2,0.00,0.00,0.00,0,0,0.00,0.00,0.00,0,0,0.00,0.00,0,0
1520565059,s1-eth2,12349.65,260147.86,272497.50,260408,12362,162.84,171.83,334.67,172,163,0.00,0.00,0,0
1520565059,s1-eth1,249560.45,12349.65,261910.09,12362,249810,164.84,162.84,327.67,163,165,0.00,0.00,0,0
1520565059,s2-eth2,2223.78,54449.55,56673.33,54504,2226,24.98,35.96,60.94,36,25,0.00,0.00,0,0
1520565059,s2-eth1,55962.04,1882.12,57844.16,1884,56018,36.96,23.98,60.94,24,37,0.00,0.00,0,0
1520565059,lo,343.66,343.66,687.31,344,344,5.99,5.99,11.99,6,6,0.00,0.00,0,0
1520565059,total,320439.56,329232.78,649672.38,329562,320760,395.60,401.60,797.20,402,396,0.00,0.00,0,0
1520565060,s1,0.00,0.00,0.00,0,0,0.00,0.00,0.00,0,0,0.00,0.00,0,0
1520565060,eth0,0.00,0.00,0.00,0,0,0.00,0.00,0.00,0,0,0.00,0.00,0,0
1520565060,eth1,0.00,0.00,0.00,0,0,0.00,0.00,0.00,0,0,0.00,0.00,0,0
1520565060,s2,0.00,0.00,0.00,0,0,0.00,0.00,0.00,0,0,0.00,0.00,0,0
1520565060,s1-eth2,12578.00,252838.00,265416.00,252838,12578,161.00,167.00,328.00,167,161,0.00,0.00,0,0
1520565060,s1-eth1,249810.00,12652.00,262462.00,12652,249810,165.00,162.00,327.00,162,165,0.00,0.00,0,0
1520565060,s2-eth2,2454.00,65102.00,67556.00,65102,2454,33.00,43.00,76.00,43,33,0.00,0.00,0,0
1520565060,s2-eth1,59046.00,2454.00,61500.00,2454,59046,39.00,33.00,72.00,33,39,0.00,0.00,0,0
1520565060,lo,0.00,0.00,0.00,0,0,0.00,0.00,0.00,0,0,0.00,0.00,0,0
1520565060,total,323888.00,333046.00,656934.00,333046,323888,398.00,405.00,803.00,405,398,0.00,0.00,0,0
1520565061,s1,0.00,0.00,0.00,0,0,0.00,0.00,0.00,0,0,0.00,0.00,0,0
1520565061,eth0,0.00,60.00,60.00,60,0,0.00,1.00,1.00,1,0,0.00,0.00,0,0
1520565061,eth1,0.00,0.00,0.00,0,0,0.00,0.00,0.00,0,0,0.00,0.00,0,0
1520565061,s2,0.00,0.00,0.00,0,0,0.00,0.00,0.00,0,0,0.00,0.00,0,0
1520565061,s1-eth2,12146.00,269492.00,281638.00,269492,12146,157.00,178.00,335.00,178,157,0.00,0.00,0,0
1520565061,s1-eth1,248296.00,12072.00,260368.00,12072,248296,164.00,156.00,320.00,156,164,0.00,0.00,0,0
1520565061,s2-eth2,2180.00,60560.00,62740.00,60560,2180,28.00,40.00,68.00,40,28,0.00,0.00,0,0
1520565061,s2-eth1,63588.00,2180.00,65768.00,2180,63588,42.00,28.00,70.00,28,42,0.00,0.00,0,0
1520565061,lo,0.00,0.00,0.00,0,0,0.00,0.00,0.00,0,0,0.00,0.00,0,0
1520565061,total,326210.00,344364.00,670574.00,344364,326210,391.00,403.00,794.00,403,391,0.00,0.00,0,0
1520565062,s1,0.00,0.00,0.00,0,0,0.00,0.00,0.00,0,0,0.00,0.00,0,0
1520565062,eth0,0.00,60.00,60.00,60,0,0.00,1.00,1.00,1,0,0.00,0.00,0,0
1520565062,eth1,0.00,0.00,0.00,0,0,0.00,0.00,0.00,0,0,0.00,0.00,0,0
1520565062,s2,0.00,0.00,0.00,0,0,0.00,0.00,0.00,0,0,0.00,0.00,0,0
1520565062,s1-eth2,12164.00,252838.00,265002.00,252838,12164,160.00,167.00,327.00,167,160,0.00,0.00,0,0
1520565062,s1-eth1,249810.00,12164.00,261974.00,12164,249810,165.00,160.00,325.00,160,165,0.00,0.00,0,0
1520565062,s2-eth2,2664.00,83270.00,85934.00,83270,2664,36.00,55.00,91.00,55,36,0.00,0.00,0,0
1520565062,s2-eth1,74186.00,2664.00,76850.00,2664,74186,49.00,36.00,85.00,36,49,0.00,0.00,0,0
1520565062,lo,0.00,0.00,0.00,0,0,0.00,0.00,0.00,0,0,0.00,0.00,0,0
1520565062,total,338824.00,350996.00,689820.00,350996,338824,410.00,419.00,829.00,419,410,0.00,0.00,0,0
1520565063,s1,0.00,0.00,0.00,0,0,0.00,0.00,0.00,0,0,0.00,0.00,0,0
1520565063,eth0,0.00,60.00,60.00,60,0,0.00,1.00,1.00,1,0,0.00,0.00,0,0
1520565063,eth1,0.00,0.00,0.00,0,0,0.00,0.00,0.00,0,0,0.00,0.00,0,0
1520565063,s2,0.00,0.00,0.00,0,0,0.00,0.00,0.00,0,0,0.00,0.00,0,0
1520565063,s1-eth2,12764.00,257380.00,270144.00,257380,12764,164.00,170.00,334.00,170,164,0.00,0.00,0,0
1520565063,s1-eth1,250152.00,12422.00,262574.00,12422,250152,166.00,163.00,329.00,163,166,0.00,0.00,0,0
1520565063,s2-eth2,3154.00,74186.00,77340.00,74186,3154,41.00,49.00,90.00,49,41,0.00,0.00,0,0
1520565063,s2-eth1,80242.00,3154.00,83396.00,3154,80242,53.00,41.00,94.00,41,53,0.00,0.00,0,0
1520565063,lo,0.00,0.00,0.00,0,0,0.00,0.00,0.00,0,0,0.00,0.00,0,0
1520565063,total,346312.00,347202.00,693514.00,347202,346312,424.00,424.00,848.00,424,424,0.00,0.00,0,0
1520565064,s1,0.00,0.00,0.00,0,0,0.00,0.00,0.00,0,0,0.00,0.00,0,0
1520565064,eth0,0.00,0.00,0.00,0,0,0.00,0.00,0.00,0,0,0.00,0.00,0,0
1520565064,eth1,0.00,0.00,0.00,0,0,0.00,0.00,0.00,0,0,0.00,0.00,0,0
1520565064,s2,0.00,0.00,0.00,0,0,0.00,0.00,0.00,0,0,0.00,0.00,0,0
1520565064,s1-eth2,11708.00,249810.00,261518.00,249810,11708,150.00,165.00,315.00,165,150,0.00,0.00,0,0
1520565064,s1-eth1,243754.00,11708.00,255462.00,11708,243754,161.00,150.00,311.00,150,161,0.00,0.00,0,0
1520565064,s2-eth2,3672.00,81756.00,85428.00,81756,3672,48.00,54.00,102.00,54,48,0.00,0.00,0,0
1520565064,s2-eth1,74186.00,3672.00,77858.00,3672,74186,49.00,48.00,97.00,48,49,0.00,0.00,0,0
1520565064,lo,344.00,344.00,688.00,344,344,6.00,6.00,12.00,6,6,0.00,0.00,0,0
1520565064,total,333664.00,347290.00,680954.00,347290,333664,414.00,423.00,837.00,423,414,0.00,0.00,0,0
1520565065,s1,0.00,0.00,0.00,0,0,0.00,0.00,0.00,0,0,0.00,0.00,0,0
1520565065,eth0,0.00,215.00,215.00,215,0,0.00,1.00,1.00,1,0,0.00,0.00,0,0
1520565065,eth1,0.00,0.00,0.00,0,0,0.00,0.00,0.00,0,0,0.00,0.00,0,0
1520565065,s2,0.00,0.00,0.00,0,0,0.00,0.00,0.00,0,0,0.00,0.00,0,0
1520565065,s1-eth2,12030.00,261922.00,273952.00,261922,12030,159.00,173.00,332.00,173,159,0.00,0.00,0,0
1520565065,s1-eth1,251324.00,12104.00,263428.00,12104,251324,166.00,160.00,326.00,160,166,0.00,0.00,0,0
1520565065,s2-eth2,2960.00,83270.00,86230.00,83270,2960,40.00,55.00,95.00,55,40,0.00,0.00,0,0
1520565065,s2-eth1,90840.00,2960.00,93800.00,2960,90840,60.00,40.00,100.00,40,60,0.00,0.00,0,0
1520565065,lo,0.00,0.00,0.00,0,0,0.00,0.00,0.00,0,0,0.00,0.00,0,0
1520565065,total,357154.00,360471.00,717625.00,360471,357154,425.00,429.00,854.00,429,425,0.00,0.00,0,0
1520565066,s1,0.00,0.00,0.00,0,0,0.00,0.00,0.00,0,0,0.00,0.00,0,0
1520565066,eth0,0.00,60.00,60.00,60,0,0.00,1.00,1.00,1,0,0.00,0.00,0,0
1520565066,eth1,0.00,0.00,0.00,0,0,0.00,0.00,0.00,0,0,0.00,0.00,0,0
1520565066,s2,0.00,0.00,0.00,0,0,0.00,0.00,0.00,0,0,0.00,0.00,0,0
1520565066,s1-eth2,12120.00,260408.00,272528.00,260408,12120,162.00,172.00,334.00,172,162,0.00,0.00,0,0
1520565066,s1-eth1,249810.00,12046.00,261856.00,12046,249810,165.00,161.00,326.00,161,165,0.00,0.00,0,0
1520565066,s2-eth2,3980.00,92354.00,96334.00,92354,3980,52.00,61.00,113.00,61,52,0.00,0.00,0,0
1520565066,s2-eth1,81756.00,3980.00,85736.00,3980,81756,54.00,52.00,106.00,52,54,0.00,0.00,0,0
1520565066,lo,0.00,0.00,0.00,0,0,0.00,0.00,0.00,0,0,0.00,0.00,0,0
1520565066,total,347666.00,368848.00,716514.00,368848,347666,433.00,447.00,880.00,447,433,0.00,0.00,0,0
1520565067,s1,0.00,0.00,0.00,0,0,0.00,0.00,0.00,0,0,0.00,0.00,0,0
1520565067,eth0,0.00,60.00,60.00,60,0,0.00,1.00,1.00,1,0,0.00,0.00,0,0
1520565067,eth1,0.00,0.00,0.00,0,0,0.00,0.00,0.00,0,0,0.00,0.00,0,0
1520565067,s2,0.00,0.00,0.00,0,0,0.00,0.00,0.00,0,0,0.00,0.00,0,0
1520565067,s1-eth2,12050.00,248296.00,260346.00,248296,12050,155.00,164.00,319.00,164,155,0.00,0.00,0,0
1520565067,s1-eth1,249810.00,12050.00,261860.00,12050,249810,165.00,155.00,320.00,155,165,0.00,0.00,0,0
1520565067,s2-eth2,3536.00,84784.00,88320.00,84784,3536,46.00,56.00,102.00,56,46,0.00,0.00,0,0
1520565067,s2-eth1,87812.00,3610.00,91422.00,3610,87812,58.00,47.00,105.00,47,58,0.00,0.00,0,0
1520565067,lo,0.00,0.00,0.00,0,0,0.00,0.00,0.00,0,0,0.00,0.00,0,0
1520565067,total,353208.00,348800.00,702008.00,348800,353208,424.00,423.00,847.00,423,424,0.00,0.00,0,0
1520565068,s1,0.00,0.00,0.00,0,0,0.00,0.00,0.00,0,0,0.00,0.00,0,0
1520565068,eth0,0.00,59.94,59.94,60,0,0.00,1.00,1.00,1,0,0.00,0.00,0,0
1520565068,eth1,0.00,0.00,0.00,0,0,0.00,0.00,0.00,0,0,0.00,0.00,0,0
1520565068,s2,0.00,0.00,0.00,0,0,0.00,0.00,0.00,0,0,0.00,0.00,0,0
1520565068,s1-eth2,12539.46,261660.34,274199.81,261922,12552,161.84,172.83,334.67,173,162,0.00,0.00,0,0
1520565068,s1-eth1,249560.45,12539.46,262099.91,12552,249810,164.84,161.84,326.67,162,165,0.00,0.00,0,0
1520565068,s2-eth2,3680.32,89236.77,92917.09,89326,3684,47.95,58.94,106.89,59,48,0.00,0.00,0,0
1520565068,s2-eth1,88065.94,3606.39,91672.33,3610,88154,58.94,46.95,105.89,47,59,0.00,0.00,0,0
1520565068,lo,0.00,0.00,0.00,0,0,0.00,0.00,0.00,0,0,0.00,0.00,0,0
1520565068,total,353846.16,367102.91,720949.06,367470,354200,433.57,441.56,875.12,442,434,0.00,0.00,0,0
1520565069,s1,0.00,0.00,0.00,0,0,0.00,0.00,0.00,0,0,0.00,0.00,0,0
1520565069,eth0,0.00,60.00,60.00,60,0,0.00,1.00,1.00,1,0,0.00,0.00,0,0
1520565069,eth1,0.00,0.00,0.00,0,0,0.00,0.00,0.00,0,0,0.00,0.00,0,0
1520565069,s2,0.00,0.00,0.00,0,0,0.00,0.00,0.00,0,0,0.00,0.00,0,0
1520565069,s1-eth2,12388.00,260408.00,272796.00,260408,12388,162.00,172.00,334.00,172,162,0.00,0.00,0,0
1520565069,s1-eth1,249810.00,12388.00,262198.00,12388,249810,165.00,162.00,327.00,162,165,0.00,0.00,0,0
1520565069,s2-eth2,3684.00,86298.00,89982.00,86298,3684,48.00,57.00,105.00,57,48,0.00,0.00,0,0
1520565069,s2-eth1,89326.00,3684.00,93010.00,3684,89326,59.00,48.00,107.00,48,59,0.00,0.00,0,0
1520565069,lo,344.00,344.00,688.00,344,344,6.00,6.00,12.00,6,6,0.00,0.00,0,0
1520565069,total,355552.00,363182.00,718734.00,363182,355552,440.00,446.00,886.00,446,440,0.00,0.00,0,0
1520565070,s1,0.00,0.00,0.00,0,0,0.00,0.00,0.00,0,0,0.00,0.00,0,0
1520565070,eth0,0.00,146.00,146.00,146,0,0.00,2.00,2.00,2,0,0.00,0.00,0,0
1520565070,eth1,0.00,86.00,86.00,86,0,0.00,1.00,1.00,1,0,0.00,0.00,0,0
1520565070,s2,0.00,0.00,0.00,0,0,0.00,0.00,0.00,0,0,0.00,0.00,0,0
1520565070,s1-eth2,11858.00,260408.00,272266.00,260408,11858,157.00,172.00,329.00,172,157,0.00,0.00,0,0
1520565070,s1-eth1,249810.00,11858.00,261668.00,11858,249810,165.00,157.00,322.00,157,165,0.00,0.00,0,0
1520565070,s2-eth2,3182.00,104466.00,107648.00,104466,3182,43.00,69.00,112.00,69,43,0.00,0.00,0,0
1520565070,s2-eth1,98410.00,3182.00,101592.00,3182,98410,65.00,43.00,108.00,43,65,0.00,0.00,0,0
1520565070,lo,0.00,0.00,0.00,0,0,0.00,0.00,0.00,0,0,0.00,0.00,0,0
1520565070,total,363260.00,380146.00,743406.00,380146,363260,430.00,444.00,874.00,444,430,0.00,0.00,0,0
1520565071,s1,0.00,0.00,0.00,0,0,0.00,0.00,0.00,0,0,0.00,0.00,0,0
1520565071,eth0,0.00,60.00,60.00,60,0,0.00,1.00,1.00,1,0,0.00,0.00,0,0
1520565071,eth1,0.00,0.00,0.00,0,0,0.00,0.00,0.00,0,0,0.00,0.00,0,0
1520565071,s2,0.00,0.00,0.00,0,0,0.00,0.00,0.00,0,0,0.00,0.00,0,0
1520565071,s1-eth2,12518.00,248296.00,260814.00,248296,12518,161.00,164.00,325.00,164,161,0.00,0.00,0,0
1520565071,s1-eth1,251324.00,12604.00,263928.00,12604,251324,166.00,162.00,328.00,162,166,0.00,0.00,0,0
1520565071,s2-eth2,4440.00,116578.00,121018.00,116578,4440,60.00,77.00,137.00,77,60,0.00,0.00,0,0
1520565071,s2-eth1,118092.00,4440.00,122532.00,4440,118092,78.00,60.00,138.00,60,78,0.00,0.00,0,0
1520565071,lo,0.00,0.00,0.00,0,0,0.00,0.00,0.00,0,0,0.00,0.00,0,0
1520565071,total,386374.00,381978.00,768352.00,381978,386374,465.00,464.00,929.00,464,465,0.00,0.00,0,0
1520565072,s1,0.00,0.00,0.00,0,0,0.00,0.00,0.00,0,0,0.00,0.00,0,0
1520565072,eth0,0.00,0.00,0.00,0,0,0.00,0.00,0.00,0,0,0.00,0.00,0,0
1520565072,eth1,0.00,0.00,0.00,0,0,0.00,0.00,0.00,0,0,0.00,0.00,0,0
1520565072,s2,0.00,0.00,0.00,0,0,0.00,0.00,0.00,0,0,0.00,0.00,0,0
1520565072,s1-eth2,12434.00,260408.00,272842.00,260408,12434,163.00,172.00,335.00,172,163,0.00,0.00,0,0
1520565072,s1-eth1,249810.00,12348.00,262158.00,12348,249810,165.00,162.00,327.00,162,165,0.00,0.00,0,0
1520565072,s2-eth2,5668.00,136260.00,141928.00,136260,5668,74.00,90.00,164.00,90,74,0.00,0.00,0,0
1520565072,s2-eth1,128690.00,5668.00,134358.00,5668,128690,85.00,74.00,159.00,74,85,0.00,0.00,0,0
1520565072,lo,0.00,0.00,0.00,0,0,0.00,0.00,0.00,0,0,0.00,0.00,0,0
1520565072,total,396602.00,414684.00,811286.00,414684,396602,487.00,498.00,985.00,498,487,0.00,0.00,0,0
1520565073,s1,0.00,0.00,0.00,0,0,0.00,0.00,0.00,0,0,0.00,0.00,0,0
1520565073,eth0,0.00,60.00,60.00,60,0,0.00,1.00,1.00,1,0,0.00,0.00,0,0
1520565073,eth1,0.00,0.00,0.00,0,0,0.00,0.00,0.00,0,0,0.00,0.00,0,0
1520565073,s2,0.00,0.00,0.00,0,0,0.00,0.00,0.00,0,0,0.00,0.00,0,0
1520565073,s1-eth2,12290.00,255866.00,268156.00,255866,12290,159.00,169.00,328.00,169,159,0.00,0.00,0,0
1520565073,s1-eth1,249810.00,12290.00,262100.00,12290,249810,165.00,159.00,324.00,159,165,0.00,0.00,0,0
1520565073,s2-eth2,4420.00,87812.00,92232.00,87812,4420,54.00,58.00,112.00,58,54,0.00,0.00,0,0
1520565073,s2-eth1,98410.00,4078.00,102488.00,4078,98410,65.00,53.00,118.00,53,65,0.00,0.00,0,0
1520565073,lo,0.00,0.00,0.00,0,0,0.00,0.00,0.00,0,0,0.00,0.00,0,0
1520565073,total,364930.00,360106.00,725036.00,360106,364930,443.00,440.00,883.00,440,443,0.00,0.00,0,0
1520565074,s1,0.00,0.00,0.00,0,0,0.00,0.00,0.00,0,0,0.00,0.00,0,0
1520565074,eth0,0.00,60.00,60.00,60,0,0.00,1.00,1.00,1,0,0.00,0.00,0,0
1520565074,eth1,0.00,0.00,0.00,0,0,0.00,0.00,0.00,0,0,0.00,0.00,0,0
1520565074,s2,0.00,0.00,0.00,0,0,0.00,0.00,0.00,0,0,0.00,0.00,0,0
1520565074,s1-eth2,12276.00,266464.00,278740.00,266464,12276,162.00,176.00,338.00,176,162,0.00,0.00,0,0
1520565074,s1-eth1,249810.00,12276.00,262086.00,12276,249810,165.00,162.00,327.00,162,165,0.00,0.00,0,0
1520565074,s2-eth2,3646.00,104466.00,108112.00,104466,3646,47.00,69.00,116.00,69,47,0.00,0.00,0,0
1520565074,s2-eth1,93868.00,3646.00,97514.00,3646,93868,62.00,47.00,109.00,47,62,0.00,0.00,0,0
1520565074,lo,344.00,344.00,688.00,344,344,6.00,6.00,12.00,6,6,0.00,0.00,0,0
1520565074,total,359944.00,387256.00,747200.00,387256,359944,442.00,461.00,903.00,461,442,0.00,0.00,0,0
1520565075,s1,0.00,0.00,0.00,0,0,0.00,0.00,0.00,0,0,0.00,0.00,0,0
1520565075,eth0,0.00,59.94,59.94,60,0,0.00,1.00,1.00,1,0,0.00,0.00,0,0
1520565075,eth1,0.00,0.00,0.00,0,0,0.00,0.00,0.00,0,0,0.00,0.00,0,0
1520565075,s2,0.00,0.00,0.00,0,0,0.00,0.00,0.00,0,0,0.00,0.00,0,0
1520565075,s1-eth2,12177.82,254097.91,266275.72,254352,12190,160.84,167.83,328.67,168,161,0.00,0.00,0,0
1520565075,s1-eth1,249902.11,12177.82,262079.92,12190,250152,165.83,160.84,326.67,161,166,0.00,0.00,0,0
1520565075,s2-eth2,3346.65,72599.41,75946.05,72672,3350,42.96,47.95,90.91,48,43,0.00,0.00,0,0
1520565075,s2-eth1,75624.38,3346.65,78971.03,3350,75700,49.95,42.96,92.91,43,50,0.00,0.00,0,0
1520565075,lo,0.00,0.00,0.00,0,0,0.00,0.00,0.00,0,0,0.00,0.00,0,0
1520565075,total,341050.97,342281.72,683332.69,342624,341392,419.58,420.58,840.16,421,420,0.00,0.00,0,0
1520565076,s1,0.00,0.00,0.00,0,0,0.00,0.00,0.00,0,0,0.00,0.00,0,0
1520565076,eth0,0.00,0.00,0.00,0,0,0.00,0.00,0.00,0,0,0.00,0.00,0,0
1520565076,eth1,0.00,0.00,0.00,0,0,0.00,0.00,0.00,0,0,0.00,0.00,0,0
1520565076,s2,0.00,0.00,0.00,0,0,0.00,0.00,0.00,0,0,0.00,0.00,0,0
1520565076,s1-eth2,12318.00,248296.00,260614.00,248296,12318,159.00,164.00,323.00,164,159,0.00,0.00,0,0
1520565076,s1-eth1,249810.00,12318.00,262128.00,12318,249810,165.00,159.00,324.00,159,165,0.00,0.00,0,0
1520565076,s2-eth2,3788.00,83312.00,87100.00,83312,3788,50.00,56.00,106.00,56,50,0.00,0.00,0,0
1520565076,s2-eth1,76084.00,3788.00,79872.00,3788,76084,52.00,50.00,102.00,50,52,0.00,0.00,0,0
1520565076,lo,0.00,0.00,0.00,0,0,0.00,0.00,0.00,0,0,0.00,0.00,0,0
1520565076,total,342000.00,347714.00,689714.00,347714,342000,426.00,429.00,855.00,429,426,0.00,0.00,0,0
1520565077,s1,0.00,0.00,0.00,0,0,0.00,0.00,0.00,0,0,0.00,0.00,0,0
1520565077,eth0,0.00,60.00,60.00,60,0,0.00,1.00,1.00,1,0,0.00,0.00,0,0
1520565077,eth1,0.00,0.00,0.00,0,0,0.00,0.00,0.00,0,0,0.00,0.00,0,0
1520565077,s2,0.00,0.00,0.00,0,0,0.00,0.00,0.00,0,0,0.00,0.00,0,0
1520565077,s1-eth2,12410.00,257380.00,269790.00,257380,12410,163.00,170.00,333.00,170,163,0.00,0.00,0,0
1520565077,s1-eth1,249810.00,12496.00,262306.00,12496,249810,165.00,164.00,329.00,164,165,0.00,0.00,0,0
1520565077,s2-eth2,2720.00,51476.00,54196.00,51476,2720,34.00,34.00,68.00,34,34,0.00,0.00,0,0
1520565077,s2-eth1,54504.00,2720.00,57224.00,2720,54504,36.00,34.00,70.00,34,36,0.00,0.00,0,0
1520565077,lo,0.00,0.00,0.00,0,0,0.00,0.00,0.00,0,0,0.00,0.00,0,0
1520565077,total,319444.00,324132.00,643576.00,324132,319444,398.00,403.00,801.00,403,398,0.00,0.00,0,0
1520565078,s1,0.00,0.00,0.00,0,0,0.00,0.00,0.00,0,0,0.00,0.00,0,0
1520565078,eth0,0.00,59.94,59.94,60,0,0.00,1.00,1.00,1,0,0.00,0.00,0,0
1520565078,eth1,0.00,0.00,0.00,0,0,0.00,0.00,0.00,0,0,0.00,0.00,0,0
1520565078,s2,0.00,0.00,0.00,0,0,0.00,0.00,0.00,0,0,0.00,0.00,0,0
1520565078,s1-eth2,12199.80,255652.36,267852.16,255908,12212,157.84,169.83,327.67,170,158,0.00,0.00,0,0
1520565078,s1-eth1,251114.89,12113.89,263228.78,12126,251366,166.83,156.84,323.68,157,167,0.00,0.00,0,0
1520565078,s2-eth2,1760.24,40837.16,42597.40,40878,1762,22.98,26.97,49.95,27,23,0.00,0.00,0,0
1520565078,s2-eth1,42349.65,1760.24,44109.89,1762,42392,27.97,22.98,50.95,23,28,0.00,0.00,0,0
1520565078,lo,0.00,0.00,0.00,0,0,0.00,0.00,0.00,0,0,0.00,0.00,0,0
1520565078,total,307424.59,310423.59,617848.19,310734,307732,375.62,377.62,753.25,378,376,0.00,0.00,0,0
1520565079,s1,0.00,0.00,0.00,0,0,0.00,0.00,0.00,0,0,0.00,0.00,0,0
1520565079,eth0,0.00,60.00,60.00,60,0,0.00,1.00,1.00,1,0,0.00,0.00,0,0
1520565079,eth1,0.00,0.00,0.00,0,0,0.00,0.00,0.00,0,0,0.00,0.00,0,0
1520565079,s2,0.00,0.00,0.00,0,0,0.00,0.00,0.00,0,0,0.00,0.00,0,0
1520565079,s1-eth2,12062.00,260408.00,272470.00,260408,12062,157.00,172.00,329.00,172,157,0.00,0.00,0,0
1520565079,s1-eth1,249810.00,12062.00,261872.00,12062,249810,165.00,157.00,322.00,157,165,0.00,0.00,0,0
1520565079,s2-eth2,2072.00,65102.00,67174.00,65102,2072,28.00,43.00,71.00,43,28,0.00,0.00,0,0
1520565079,s2-eth1,59046.00,2072.00,61118.00,2072,59046,39.00,28.00,67.00,28,39,0.00,0.00,0,0
1520565079,lo,344.00,344.00,688.00,344,344,6.00,6.00,12.00,6,6,0.00,0.00,0,0
1520565079,total,323334.00,340048.00,663382.00,340048,323334,395.00,407.00,802.00,407,395,0.00,0.00,0,0
1520565080,s1,0.00,0.00,0.00,0,0,0.00,0.00,0.00,0,0,0.00,0.00,0,0
1520565080,eth0,0.00,60.00,60.00,60,0,0.00,1.00,1.00,1,0,0.00,0.00,0,0
1520565080,eth1,0.00,0.00,0.00,0,0,0.00,0.00,0.00,0,0,0.00,0.00,0,0
1520565080,s2,0.00,0.00,0.00,0,0,0.00,0.00,0.00,0,0,0.00,0.00,0,0
1520565080,s1-eth2,5760.00,106780.00,112540.00,106780,5760,74.00,74.00,148.00,74,74,0.00,0.00,0,0
1520565080,s1-eth1,106780.00,5760.00,112540.00,5760,106780,74.00,74.00,148.00,74,74,0.00,0.00,0,0
1520565080,s2-eth2,2266.00,31942.00,34208.00,31942,2266,27.00,23.00,50.00,23,27,0.00,0.00,0,0
1520565080,s2-eth1,39512.00,1924.00,41436.00,1924,39512,28.00,26.00,54.00,26,28,0.00,0.00,0,0
1520565080,lo,0.00,0.00,0.00,0,0,0.00,0.00,0.00,0,0,0.00,0.00,0,0
1520565080,total,154318.00,146466.00,300784.00,146466,154318,203.00,198.00,401.00,198,203,0.00,0.00,0,0
1520565081,s1,0.00,0.00,0.00,0,0,0.00,0.00,0.00,0,0,0.00,0.00,0,0
1520565081,eth0,0.00,59.94,59.94,60,0,0.00,1.00,1.00,1,0,0.00,0.00,0,0
1520565081,eth1,0.00,0.00,0.00,0,0,0.00,0.00,0.00,0,0,0.00,0.00,0,0
1520565081,s2,0.00,0.00,0.00,0,0,0.00,0.00,0.00,0,0,0.00,0.00,0,0
1520565081,s1-eth2,0.00,0.00,0.00,0,0,0.00,0.00,0.00,0,0,0.00,0.00,0,0
1520565081,s1-eth1,0.00,0.00,0.00,0,0,0.00,0.00,0.00,0,0,0.00,0.00,0,0
1520565081,s2-eth2,0.00,0.00,0.00,0,0,0.00,0.00,0.00,0,0,0.00,0.00,0,0
1520565081,s2-eth1,0.00,0.00,0.00,0,0,0.00,0.00,0.00,0,0,0.00,0.00,0,0
1520565081,lo,0.00,0.00,0.00,0,0,0.00,0.00,0.00,0,0,0.00,0.00,0,0
1520565081,total,0.00,59.94,59.94,60,0,0.00,1.00,1.00,1,0,0.00,0.00,0,0
1520565082,s1,0.00,0.00,0.00,0,0,0.00,0.00,0.00,0,0,0.00,0.00,0,0
1520565082,eth0,0.00,120.00,120.00,120,0,0.00,2.00,2.00,2,0,0.00,0.00,0,0
1520565082,eth1,0.00,0.00,0.00,0,0,0.00,0.00,0.00,0,0,0.00,0.00,0,0
1520565082,s2,0.00,0.00,0.00,0,0,0.00,0.00,0.00,0,0,0.00,0.00,0,0
1520565082,s1-eth2,0.00,0.00,0.00,0,0,0.00,0.00,0.00,0,0,0.00,0.00,0,0
1520565082,s1-eth1,0.00,0.00,0.00,0,0,0.00,0.00,0.00,0,0,0.00,0.00,0,0
1520565082,s2-eth2,0.00,0.00,0.00,0,0,0.00,0.00,0.00,0,0,0.00,0.00,0,0
1520565082,s2-eth1,0.00,0.00,0.00,0,0,0.00,0.00,0.00,0,0,0.00,0.00,0,0
1520565082,lo,0.00,0.00,0.00,0,0,0.00,0.00,0.00,0,0,0.00,0.00,0,0
1520565082,total,0.00,120.00,120.00,120,0,0.00,2.00,2.00,2,0,0.00,0.00,0,0
1520565083,s1,0.00,0.00,0.00,0,0,0.00,0.00,0.00,0,0,0.00,0.00,0,0
1520565083,eth0,0.00,0.00,0.00,0,0,0.00,0.00,0.00,0,0,0.00,0.00,0,0
1520565083,eth1,0.00,0.00,0.00,0,0,0.00,0.00,0.00,0,0,0.00,0.00,0,0
1520565083,s2,0.00,0.00,0.00,0,0,0.00,0.00,0.00,0,0,0.00,0.00,0,0
1520565083,s1-eth2,342.00,0.00,342.00,0,342,1.00,0.00,1.00,0,1,0.00,0.00,0,0
1520565083,s1-eth1,0.00,0.00,0.00,0,0,0.00,0.00,0.00,0,0,0.00,0.00,0,0
1520565083,s2-eth2,0.00,0.00,0.00,0,0,0.00,0.00,0.00,0,0,0.00,0.00,0,0
1520565083,s2-eth1,0.00,0.00,0.00,0,0,0.00,0.00,0.00,0,0,0.00,0.00,0,0
1520565083,lo,0.00,0.00,0.00,0,0,0.00,0.00,0.00,0,0,0.00,0.00,0,0
1520565083,total,342.00,0.00,342.00,0,342,1.00,0.00,1.00,0,1,0.00,0.00,0,0
1520565084,s1,0.00,0.00,0.00,0,0,0.00,0.00,0.00,0,0,0.00,0.00,0,0
1520565084,eth0,0.00,60.00,60.00,60,0,0.00,1.00,1.00,1,0,0.00,0.00,0,0
1520565084,eth1,0.00,0.00,0.00,0,0,0.00,0.00,0.00,0,0,0.00,0.00,0,0
1520565084,s2,0.00,0.00,0.00,0,0,0.00,0.00,0.00,0,0,0.00,0.00,0,0
1520565084,s1-eth2,0.00,0.00,0.00,0,0,0.00,0.00,0.00,0,0,0.00,0.00,0,0
1520565084,s1-eth1,0.00,0.00,0.00,0,0,0.00,0.00,0.00,0,0,0.00,0.00,0,0
1520565084,s2-eth2,0.00,0.00,0.00,0,0,0.00,0.00,0.00,0,0,0.00,0.00,0,0
1520565084,s2-eth1,0.00,0.00,0.00,0,0,0.00,0.00,0.00,0,0,0.00,0.00,0,0
1520565084,lo,344.00,344.00,688.00,344,344,6.00,6.00,12.00,6,6,0.00,0.00,0,0
1520565084,total,344.00,404.00,748.00,404,344,6.00,7.00,13.00,7,6,0.00,0.00,0,0
1520565085,s1,0.00,0.00,0.00,0,0,0.00,0.00,0.00,0,0,0.00,0.00,0,0
1520565085,eth0,0.00,60.00,60.00,60,0,0.00,1.00,1.00,1,0,0.00,0.00,0,0
1520565085,eth1,0.00,0.00,0.00,0,0,0.00,0.00,0.00,0,0,0.00,0.00,0,0
15205