1520565392,eth0,0.00,0.00,0.00,0,0,0.00,0.00,0.00,0,0,0.00,0.00,0,0
1520565392,eth1,0.00,0.00,0.00,0,0,0.00,0.00,0.00,0,0,0.00,0.00,0,0
1520565392,s2,0.00,0.00,0.00,0,0,0.00,0.00,0.00,0,0,0.00,0.00,0,0
1520565392,s2-eth2,0.00,0.00,0.00,0,0,0.00,0.00,0.00,0,0,0.00,0.00,0,0
1520565392,s2-eth1,0.00,0.00,0.00,0,0,0.00,0.00,0.00,0,0,0.00,0.00,0,0
1520565392,lo,0.00,0.00,0.00,0,0,0.00,0.00,0.00,0,0,0.00,0.00,0,0
1520565392,total,0.00,0.00,0.00,0,0,0.00,0.00,0.00,0,0,0.00,0.00,0,0
1520565393,eth0,192.00,345.00,537.00,345,192,2.00,3.00,5.00,3,2,0.00,0.00,0,0
1520565393,eth1,0.00,0.00,0.00,0,0,0.00,0.00,0.00,0,0,0.00,0.00,0,0
1520565393,s2,90.00,180.00,270.00,180,90,1.00,2.00,3.00,2,1,0.00,0.00,0,0
1520565393,s2-eth2,5802.00,340720.00,346522.00,340720,5802,83.00,116.00,199.00,116,83,0.00,0.00,0,0
1520565393,s2-eth1,246096.00,5370.00,251466.00,5370,246096,86.00,81.00,167.00,81,86,0.00,0.00,0,0
1520565393,lo,1205.00,1205.00,2410.00,1205,1205,13.00,13.00,26.00,13,13,0.00,0.00,0,0
1520565393,total,253385.00,347820.00,601205.00,347820,253385,185.00,215.00,400.00,215,185,0.00,0.00,0,0
1520565394,eth0,146.00,138.00,284.00,138,146,2.00,2.00,4.00,2,2,0.00,0.00,0,0
1520565394,eth1,0.00,0.00,0.00,0,0,0.00,0.00,0.00,0,0,0.00,0.00,0,0
1520565394,s2,0.00,0.00,0.00,0,0,0.00,0.00,0.00,0,0,0.00,0.00,0,0
1520565394,s2-eth2,5904.00,216230.00,222134.00,216230,5904,82.00,95.00,177.00,95,82,0.00,0.00,0,0
1520565394,s2-eth1,243316.00,5904.00,249220.00,5904,243316,84.00,82.00,166.00,82,84,0.00,0.00,0,0
1520565394,lo,0.00,0.00,0.00,0,0,0.00,0.00,0.00,0,0,0.00,0.00,0,0
1520565394,total,249366.00,222272.00,471638.00,222272,249366,168.00,179.00,347.00,179,168,0.00,0.00,0,0
1520565395,eth0,0.00,60.00,60.00,60,0,0.00,1.00,1.00,1,0,0.00,0.00,0,0
1520565395,eth1,0.00,0.00,0.00,0,0,0.00,0.00,0.00,0,0,0.00,0.00,0,0
1520565395,s2,0.00,0.00,0.00,0,0,0.00,0.00,0.00,0,0,0.00,0.00,0,0
1520565395,s2-eth2,8788.00,213994.00,222782.00,213994,8788,110.00,105.00,215.00,105,110,0.00,0.00,0,0
1520565395,s2-eth1,248486.00,8788.00,257274.00,8788,248486,123.00,110.00,233.00,110,123,0.00,0.00,0,0
1520565395,lo,0.00,0.00,0.00,0,0,0.00,0.00,0.00,0,0,0.00,0.00,0,0
1520565395,total,257274.00,222842.00,480116.00,222842,257274,233.00,216.00,449.00,216,233,0.00,0.00,0,0
1520565396,eth0,0.00,60.00,60.00,60,0,0.00,1.00,1.00,1,0,0.00,0.00,0,0
1520565396,eth1,0.00,0.00,0.00,0,0,0.00,0.00,0.00,0,0,0.00,0.00,0,0
1520565396,s2,70.00,140.00,210.00,140,70,1.00,2.00,3.00,2,1,0.00,0.00,0,0
1520565396,s2-eth2,6372.00,256382.00,262754.00,256382,6372,96.00,89.00,185.00,89,96,0.00,0.00,0,0
1520565396,s2-eth1,244146.00,6232.00,250378.00,6232,244146,101.00,94.00,195.00,94,101,0.00,0.00,0,0
1520565396,lo,804.00,804.00,1608.00,804,804,9.00,9.00,18.00,9,9,0.00,0.00,0,0
1520565396,total,251392.00,263618.00,515010.00,263618,251392,207.00,195.00,402.00,195,207,0.00,0.00,0,0
1520565397,eth0,0.00,60.00,60.00,60,0,0.00,1.00,1.00,1,0,0.00,0.00,0,0
1520565397,eth1,0.00,0.00,0.00,0,0,0.00,0.00,0.00,0,0,0.00,0.00,0,0
1520565397,s2,0.00,0.00,0.00,0,0,0.00,0.00,0.00,0,0,0.00,0.00,0,0
1520565397,s2-eth2,5370.00,247426.00,252796.00,247426,5370,81.00,85.00,166.00,85,81,0.00,0.00,0,0
1520565397,s2-eth1,245916.00,5448.00,251364.00,5448,245916,84.00,82.00,166.00,82,84,0.00,0.00,0,0
1520565397,lo,0.00,0.00,0.00,0,0,0.00,0.00,0.00,0,0,0.00,0.00,0,0
1520565397,total,251286.00,252934.00,504220.00,252934,251286,165.00,168.00,333.00,168,165,0.00,0.00,0,0
1520565398,eth0,0.00,0.00,0.00,0,0,0.00,0.00,0.00,0,0,0.00,0.00,0,0
1520565398,eth1,0.00,0.00,0.00,0,0,0.00,0.00,0.00,0,0,0.00,0.00,0,0
1520565398,s2,0.00,0.00,0.00,0,0,0.00,0.00,0.00,0,0,0.00,0.00,0,0
1520565398,s2-eth2,6324.00,233474.00,239798.00,233474,6324,90.00,93.00,183.00,93,90,0.00,0.00,0,0
1520565398,s2-eth1,243940.00,6246.00,250186.00,6246,243940,98.00,89.00,187.00,89,98,0.00,0.00,0,0
1520565398,lo,0.00,0.00,0.00,0,0,0.00,0.00,0.00,0,0,0.00,0.00,0,0
1520565398,total,250264.00,239720.00,489984.00,239720,250264,188.00,182.00,370.00,182,188,0.00,0.00,0,0
1520565399,eth0,0.00,60.00,60.00,60,0,0.00,1.00,1.00,1,0,0.00,0.00,0,0
1520565399,eth1,0.00,0.00,0.00,0,0,0.00,0.00,0.00,0,0,0.00,0.00,0,0
1520565399,s2,0.00,0.00,0.00,0,0,0.00,0.00,0.00,0,0,0.00,0.00,0,0
1520565399,s2-eth2,5406.59,257436.58,262843.16,257694,5412,81.92,86.91,168.83,87,82,0.00,0.00,0,0
1520565399,s2-eth1,245600.41,5406.59,251007.00,5412,245846,82.92,81.92,164.84,82,83,0.00,0.00,0,0
1520565399,lo,0.00,0.00,0.00,0,0,0.00,0.00,0.00,0,0,0.00,0.00,0,0
1520565399,total,251007.00,262903.09,513910.09,263166,251258,164.84,169.83,334.67,170,165,0.00,0.00,0,0
1520565400,eth0,0.00,205.38,205.38,206,0,0.00,2.99,2.99,3,0,0.00,0.00,0,0
1520565400,eth1,0.00,85.74,85.74,86,0,0.00,1.00,1.00,1,0,0.00,0.00,0,0
1520565400,s2,69.79,139.58,209.37,140,70,1.00,1.99,2.99,2,1,0.00,0.00,0,0
1520565400,s2-eth2,5976.07,225561.31,231537.39,226238,5994,84.75,92.72,177.47,93,85,0.00,0.00,0,0
1520565400,s2-eth1,244410.77,5836.49,250247.27,5854,245144,89.73,82.75,172.48,83,90,0.00,0.00,0,0
1520565400,lo,801.60,801.60,1603.19,804,804,8.97,8.97,17.95,9,9,0.00,0.00,0,0
1520565400,total,251258.23,232630.11,483888.34,233328,252012,184.45,190.43,374.88,191,185,0.00,0.00,0,0
1520565401,eth0,0.00,120.00,120.00,120,0,0.00,2.00,2.00,2,0,0.00,0.00,0,0
1520565401,eth1,0.00,0.00,0.00,0,0,0.00,0.00,0.00,0,0,0.00,0.00,0,0
1520565401,s2,0.00,0.00,0.00,0,0,0.00,0.00,0.00,0,0,0.00,0.00,0,0
1520565401,s2-eth2,12986.00,240330.00,253316.00,240330,12986,151.00,153.00,304.00,153,151,0.00,0.00,0,0
1520565401,s2-eth1,249154.00,12644.00,261798.00,12644,249154,155.00,150.00,305.00,150,155,0.00,0.00,0,0
1520565401,lo,0.00,0.00,0.00,0,0,0.00,0.00,0.00,0,0,0.00,0.00,0,0
1520565401,total,262140.00,253094.00,515234.00,253094,262140,306.00,305.00,611.00,305,306,0.00,0.00,0,0
1520565402,eth0,0.00,120.00,120.00,120,0,0.00,2.00,2.00,2,0,0.00,0.00,0,0
1520565402,eth1,0.00,0.00,0.00,0,0,0.00,0.00,0.00,0,0,0.00,0.00,0,0
1520565402,s2,0.00,0.00,0.00,0,0,0.00,0.00,0.00,0,0,0.00,0.00,0,0
1520565402,s2-eth2,7914.00,210372.00,218286.00,210372,7914,105.00,94.00,199.00,94,105,0.00,0.00,0,0
1520565402,s2-eth1,221234.00,7914.00,229148.00,7914,221234,105.00,105.00,210.00,105,105,0.00,0.00,0,0
1520565402,lo,0.00,0.00,0.00,0,0,0.00,0.00,0.00,0,0,0.00,0.00,0,0
1520565402,total,229148.00,218406.00,447554.00,218406,229148,210.00,201.00,411.00,201,210,0.00,0.00,0,0
1520565403,eth0,0.00,120.00,120.00,120,0,0.00,2.00,2.00,2,0,0.00,0.00,0,0
1520565403,eth1,0.00,0.00,0.00,0,0,0.00,0.00,0.00,0,0,0.00,0.00,0,0
1520565403,s2,0.00,0.00,0.00,0,0,0.00,0.00,0.00,0,0,0.00,0.00,0,0
1520565403,s2-eth2,4896.00,184238.00,189134.00,184238,4896,72.00,71.00,143.00,71,72,0.00,0.00,0,0
1520565403,s2-eth1,178380.00,4896.00,183276.00,4896,178380,70.00,72.00,142.00,72,70,0.00,0.00,0,0
1520565403,lo,0.00,0.00,0.00,0,0,0.00,0.00,0.00,0,0,0.00,0.00,0,0
1520565403,total,183276.00,189254.00,372530.00,189254,183276,142.00,145.00,287.00,145,142,0.00,0.00,0,0
1520565404,eth0,0.00,120.00,120.00,120,0,0.00,2.00,2.00,2,0,0.00,0.00,0,0
1520565404,eth1,0.00,0.00,0.00,0,0,0.00,0.00,0.00,0,0,0.00,0.00,0,0
1520565404,s2,0.00,0.00,0.00,0,0,0.00,0.00,0.00,0,0,0.00,0.00,0,0
1520565404,s2-eth2,4026.00,189568.00,193594.00,189568,4026,61.00,64.00,125.00,64,61,0.00,0.00,0,0
1520565404,s2-eth1,186606.00,4092.00,190698.00,4092,186606,63.00,62.00,125.00,62,63,0.00,0.00,0,0
1520565404,lo,0.00,0.00,0.00,0,0,0.00,0.00,0.00,0,0,0.00,0.00,0,0
1520565404,total,190632.00,193780.00,384412.00,193780,190632,124.00,128.00,252.00,128,124,0.00,0.00,0,0
1520565405,eth0,0.00,120.00,120.00,120,0,0.00,2.00,2.00,2,0,0.00,0.00,0,0
1520565405,eth1,0.00,0.00,0.00,0,0,0.00,0.00,0.00,0,0,0.00,0.00,0,0
1520565405,s2,0.00,0.00,0.00,0,0,0.00,0.00,0.00,0,0,0.00,0.00,0,0
1520565405,s2-eth2,4752.00,213264.00,218016.00,213264,4752,72.00,72.00,144.00,72,72,0.00,0.00,0,0
1520565405,s2-eth1,213264.00,4686.00,217950.00,4686,213264,72.00,71.00,143.00,71,72,0.00,0.00,0,0
1520565405,lo,172.00,172.00,344.00,172,172,3.00,3.00,6.00,3,3,0.00,0.00,0,0
1520565405,total,218188.00,218242.00,436430.00,218242,218188,147.00,148.00,295.00,148,147,0.00,0.00,0,0
1520565406,eth0,0.00,60.00,60.00,60,0,0.00,1.00,1.00,1,0,0.00,0.00,0,0
1520565406,eth1,0.00,0.00,0.00,0,0,0.00,0.00,0.00,0,0,0.00,0.00,0,0
1520565406,s2,0.00,0.00,0.00,0,0,0.00,0.00,0.00,0,0,0.00,0.00,0,0
1520565406,s2-eth2,4962.00,193124.00,198086.00,193124,4962,73.00,74.00,147.00,74,73,0.00,0.00,0,0
1520565406,s2-eth1,196086.00,4962.00,201048.00,4962,196086,75.00,73.00,148.00,73,75,0.00,0.00,0,0
1520565406,lo,0.00,0.00,0.00,0,0,0.00,0.00,0.00,0,0,0.00,0.00,0,0
1520565406,total,201048.00,198146.00,399194.00,198146,201048,148.00,148.00,296.00,148,148,0.00,0.00,0,0
1520565407,eth0,0.00,60.00,60.00,60,0,0.00,1.00,1.00,1,0,0.00,0.00,0,0
1520565407,eth1,0.00,0.00,0.00,0,0,0.00,0.00,0.00,0,0,0.00,0.00,0,0
1520565407,s2,0.00,0.00,0.00,0,0,0.00,0.00,0.00,0,0,0.00,0.00,0,0
1520565407,s2-eth2,4080.00,169032.00,173112.00,169032,4080,60.00,60.00,120.00,60,60,0.00,0.00,0,0
1520565407,s2-eth1,163108.00,4080.00,167188.00,4080,163108,58.00,60.00,118.00,60,58,0.00,0.00,0,0
1520565407,lo,0.00,0.00,0.00,0,0,0.00,0.00,0.00,0,0,0.00,0.00,0,0
1520565407,total,167188.00,173172.00,340360.00,173172,167188,118.00,121.00,239.00,121,118,0.00,0.00,0,0
1520565408,eth0,0.00,60.00,60.00,60,0,0.00,1.00,1.00,1,0,0.00,0.00,0,0
1520565408,eth1,0.00,0.00,0.00,0,0,0.00,0.00,0.00,0,0,0.00,0.00,0,0
1520565408,s2,0.00,0.00,0.00,0,0,0.00,0.00,0.00,0,0,0.00,0.00,0,0
1520565408,s2-eth2,2970.00,145138.00,148108.00,145138,2970,45.00,49.00,94.00,49,45,0.00,0.00,0,0
1520565408,s2-eth1,154024.00,2970.00,156994.00,2970,154024,52.00,45.00,97.00,45,52,0.00,0.00,0,0
1520565408,lo,0.00,0.00,0.00,0,0,0.00,0.00,0.00,0,0,0.00,0.00,0,0
1520565408,total,156994.00,148168.00,305162.00,148168,156994,97.00,95.00,192.00,95,97,0.00,0.00,0,0
1520565409,eth0,0.00,0.00,0.00,0,0,0.00,0.00,0.00,0,0,0.00,0.00,0,0
1520565409,eth1,0.00,0.00,0.00,0,0,0.00,0.00,0.00,0,0,0.00,0.00,0,0
1520565409,s2,0.00,0.00,0.00,0,0,0.00,0.00,0.00,0,0,0.00,0.00,0,0
1520565409,s2-eth2,3860.00,106504.00,110364.00,106504,3860,52.00,56.00,108.00,56,52,0.00,0.00,0,0
1520565409,s2-eth1,93076.00,3860.00,96936.00,3860,93076,50.00,52.00,102.00,52,50,0.00,0.00,0,0
1520565409,lo,0.00,0.00,0.00,0,0,0.00,0.00,0.00,0,0,0.00,0.00,0,0
1520565409,total,96936.00,110364.00,207300.00,110364,96936,102.00,108.00,210.00,108,102,0.00,0.00,0,0
1520565410,eth0,0.00,0.00,0.00,0,0,0.00,0.00,0.00,0,0,0.00,0.00,0,0
1520565410,eth1,0.00,0.00,0.00,0,0,0.00,0.00,0.00,0,0,0.00,0.00,0,0
1520565410,s2,0.00,0.00,0.00,0,0,0.00,0.00,0.00,0,0,0.00,0.00,0,0
1520565410,s2-eth2,2040.00,80238.00,82278.00,80238,2040,30.00,31.00,61.00,31,30,0.00,0.00,0,0
1520565410,s2-eth1,80304.00,2040.00,82344.00,2040,80304,32.00,30.00,62.00,30,32,0.00,0.00,0,0
1520565410,lo,172.00,172.00,344.00,172,172,3.00,3.00,6.00,3,3,0.00,0.00,0,0
1520565410,total,82516.00,82450.00,164966.00,82450,82516,65.00,64.00,129.00,64,65,0.00,0.00,0,0
1520565411,eth0,0.00,60.00,60.00,60,0,0.00,1.00,1.00,1,0,0.00,0.00,0,0
1520565411,eth1,0.00,0.00,0.00,0,0,0.00,0.00,0.00,0,0,0.00,0.00,0,0
1520565411,s2,0.00,0.00,0.00,0,0,0.00,0.00,0.00,0,0,0.00,0.00,0,0
1520565411,s2-eth2,2112.00,97746.00,99858.00,97746,2112,32.00,33.00,65.00,33,32,0.00,0.00,0,0
1520565411,s2-eth1,95126.00,2112.00,97238.00,2112,95126,33.00,32.00,65.00,32,33,0.00,0.00,0,0
1520565411,lo,0.00,0.00,0.00,0,0,0.00,0.00,0.00,0,0,0.00,0.00,0,0
1520565411,total,97238.00,99918.00,197156.00,99918,97238,65.00,66.00,131.00,66,65,0.00,0.00,0,0
1520565412,eth0,0.00,60.00,60.00,60,0,0.00,1.00,1.00,1,0,0.00,0.00,0,0
1520565412,eth1,0.00,0.00,0.00,0,0,0.00,0.00,0.00,0,0,0.00,0.00,0,0
1520565412,s2,0.00,0.00,0.00,0,0,0.00,0.00,0.00,0,0,0.00,0.00,0,0
1520565412,s2-eth2,2454.00,91822.00,94276.00,91822,2454,33.00,31.00,64.00,31,33,0.00,0.00,0,0
1520565412,s2-eth1,97746.00,2112.00,99858.00,2112,97746,33.00,32.00,65.00,32,33,0.00,0.00,0,0
1520565412,lo,0.00,0.00,0.00,0,0,0.00,0.00,0.00,0,0,0.00,0.00,0,0
1520565412,total,100200.00,93994.00,194194.00,93994,100200,66.00,64.00,130.00,64,66,0.00,0.00,0,0
1520565413,eth0,0.00,59.94,59.94,60,0,0.00,1.00,1.00,1,0,0.00,0.00,0,0
1520565413,eth1,0.00,0.00,0.00,0,0,0.00,0.00,0.00,0,0,0.00,0.00,0,0
1520565413,s2,0.00,0.00,0.00,0,0,0.00,0.00,0.00,0,0,0.00,0.00,0,0
1520565413,s2-eth2,2615.38,95216.79,97832.17,95312,2618,36.96,39.96,76.92,40,37,0.00,0.00,0,0
1520565413,s2-eth1,80421.58,2615.38,83036.97,2618,80502,34.97,36.96,71.93,37,35,0.00,0.00,0,0
1520565413,lo,0.00,0.00,0.00,0,0,0.00,0.00,0.00,0,0,0.00,0.00,0,0
1520565413,total,83036.97,97892.11,180929.08,97990,83120,71.93,77.92,149.85,78,72,0.00,0.00,0,0
1520565414,eth0,0.00,60.00,60.00,60,0,0.00,1.00,1.00,1,0,0.00,0.00,0,0
1520565414,eth1,0.00,0.00,0.00,0,0,0.00,0.00,0.00,0,0,0.00,0.00,0,0
1520565414,s2,0.00,0.00,0.00,0,0,0.00,0.00,0.00,0,0,0.00,0.00,0,0
1520565414,s2-eth2,2052.00,86096.00,88148.00,86096,2052,30.00,32.00,62.00,32,30,0.00,0.00,0,0
1520565414,s2-eth1,89058.00,2052.00,91110.00,2052,89058,33.00,30.00,63.00,30,33,0.00,0.00,0,0
1520565414,lo,60.00,60.00,120.00,60,60,1.00,1.00,2.00,1,1,0.00,0.00,0,0
1520565414,total,91170.00,88268.00,179438.00,88268,91170,64.00,64.00,128.00,64,64,0.00,0.00,0,0
1520565415,eth0,0.00,60.00,60.00,60,0,0.00,1.00,1.00,1,0,0.00,0.00,0,0
1520565415,eth1,0.00,0.00,0.00,0,0,0.00,0.00,0.00,0,0,0.00,0.00,0,0
1520565415,s2,0.00,0.00,0.00,0,0,0.00,0.00,0.00,0,0,0.00,0.00,0,0
1520565415,s2-eth2,2414.00,102486.00,104900.00,102486,2414,35.00,39.00,74.00,39,35,0.00,0.00,0,0
1520565415,s2-eth1,91954.00,2414.00,94368.00,2414,91954,33.00,35.00,68.00,35,33,0.00,0.00,0,0
1520565415,lo,112.00,112.00,224.00,112,112,2.00,2.00,4.00,2,2,0.00,0.00,0,0
1520565415,total,94480.00,105072.00,199552.00,105072,94480,70.00,77.00,147.00,77,70,0.00,0.00,0,0
1520565416,eth0,0.00,120.00,120.00,120,0,0.00,2.00,2.00,2,0,0.00,0.00,0,0
1520565416,eth1,0.00,0.00,0.00,0,0,0.00,0.00,0.00,0,0,0.00,0.00,0,0
1520565416,s2,0.00,0.00,0.00,0,0,0.00,0.00,0.00,0,0,0.00,0.00,0,0
1520565416,s2-eth2,1930.00,55226.00,57156.00,55226,1930,27.00,25.00,52.00,25,27,0.00,0.00,0,0
1520565416,s2-eth1,62796.00,1930.00,64726.00,1930,62796,30.00,27.00,57.00,27,30,0.00,0.00,0,0
1520565416,lo,0.00,0.00,0.00,0,0,0.00,0.00,0.00,0,0,0.00,0.00,0,0
1520565416,total,64726.00,57276.00,122002.00,57276,64726,57.00,54.00,111.00,54,57,0.00,0.00,0,0
1520565417,eth0,0.00,0.00,0.00,0,0,0.00,0.00,0.00,0,0,0.00,0.00,0,0
1520565417,eth1,0.00,0.00,0.00,0,0,0.00,0.00,0.00,0,0,0.00,0.00,0,0
1520565417,s2,0.00,0.00,0.00,0,0,0.00,0.00,0.00,0,0,0.00,0.00,0,0
1520565417,s2-eth2,1584.00,74050.00,75634.00,74050,1584,24.00,25.00,49.00,25,24,0.00,0.00,0,0
1520565417,s2-eth1,62202.00,1584.00,63786.00,1584,62202,21.00,24.00,45.00,24,21,0.00,0.00,0,0
1520565417,lo,0.00,0.00,0.00,0,0,0.00,0.00,0.00,0,0,0.00,0.00,0,0
1520565417,total,63786.00,75634.00,139420.00,75634,63786,45.00,49.00,94.00,49,45,0.00,0.00,0,0
1520565418,eth0,0.00,120.00,120.00,120,0,0.00,2.00,2.00,2,0,0.00,0.00,0,0
1520565418,eth1,0.00,0.00,0.00,0,0,0.00,0.00,0.00,0,0,0.00,0.00,0,0
1520565418,s2,0.00,0.00,0.00,0,0,0.00,0.00,0.00,0,0,0.00,0.00,0,0
1520565418,s2-eth2,1500.00,72800.00,74300.00,72800,1500,22.00,28.00,50.00,28,22,0.00,0.00,0,0
1520565418,s2-eth1,81686.00,1500.00,83186.00,1500,81686,31.00,22.00,53.00,22,31,0.00,0.00,0,0
1520565418,lo,0.00,0.00,0.00,0,0,0.00,0.00,0.00,0,0,0.00,0.00,0,0
1520565418,total,83186.00,74420.00,157606.00,74420,83186,53.00,52.00,105.00,52,53,0.00,0.00,0,0
1520565419,eth0,0.00,60.00,60.00,60,0,0.00,1.00,1.00,1,0,0.00,0.00,0,0
1520565419,eth1,0.00,0.00,0.00,0,0,0.00,0.00,0.00,0,0,0.00,0.00,0,0
1520565419,s2,0.00,0.00,0.00,0,0,0.00,0.00,0.00,0,0,0.00,0.00,0,0
1520565419,s2-eth2,1710.00,63848.00,65558.00,63848,1710,25.00,24.00,49.00,24,25,0.00,0.00,0,0
1520565419,s2-eth1,52000.00,1710.00,53710.00,1710,52000,20.00,25.00,45.00,25,20,0.00,0.00,0,0
1520565419,lo,172.00,172.00,344.00,172,172,3.00,3.00,6.00,3,3,0.00,0.00,0,0
1520565419,total,53882.00,65790.00,119672.00,65790,53882,48.00,53.00,101.00,53,48,0.00,0.00,0,0
1520565420,eth0,0.00,60.00,60.00,60,0,0.00,1.00,1.00,1,0,0.00,0.00,0,0
1520565420,eth1,0.00,0.00,0.00,0,0,0.00,0.00,0.00,0,0,0.00,0.00,0,0
1520565420,s2,0.00,0.00,0.00,0,0,0.00,0.00,0.00,0,0,0.00,0.00,0,0
1520565420,s2-eth2,1452.00,68126.00,69578.00,68126,1452,22.00,23.00,45.00,23,22,0.00,0.00,0,0
1520565420,s2-eth1,77012.00,1452.00,78464.00,1452,77012,26.00,22.00,48.00,22,26,0.00,0.00,0,0
1520565420,lo,0.00,0.00,0.00,0,0,0.00,0.00,0.00,0,0,0.00,0.00,0,0
1520565420,total,78464.00,69638.00,148102.00,69638,78464,48.00,46.00,94.00,46,48,0.00,0.00,0,0
1520565421,eth0,0.00,0.00,0.00,0,0,0.00,0.00,0.00,0,0,0.00,0.00,0,0
1520565421,eth1,0.00,0.00,0.00,0,0,0.00,0.00,0.00,0,0,0.00,0.00,0,0
1520565421,s2,0.00,0.00,0.00,0,0,0.00,0.00,0.00,0,0,0.00,0.00,0,0
1520565421,s2-eth2,1992.00,67074.00,69066.00,67074,1992,28.00,29.00,57.00,29,28,0.00,0.00,0,0
1520565421,s2-eth1,53712.00,1992.00,55704.00,1992,53712,24.00,28.00,52.00,28,24,0.00,0.00,0,0
1520565421,lo,0.00,0.00,0.00,0,0,0.00,0.00,0.00,0,0,0.00,0.00,0,0
1520565421,total,55704.00,69066.00,124770.00,69066,55704,52.00,57.00,109.00,57,52,0.00,0.00,0,0
1520565422,eth0,0.00,60.00,60.00,60,0,0.00,1.00,1.00,1,0,0.00,0.00,0,0
1520565422,eth1,0.00,0.00,0.00,0,0,0.00,0.00,0.00,0,0,0.00,0.00,0,0
1520565422,s2,0.00,0.00,0.00,0,0,0.00,0.00,0.00,0,0,0.00,0.00,0,0
1520565422,s2-eth2,1188.00,53316.00,54504.00,53316,1188,18.00,18.00,36.00,18,18,0.00,0.00,0,0
1520565422,s2-eth1,62202.00,1188.00,63390.00,1188,62202,21.00,18.00,39.00,18,21,0.00,0.00,0,0
1520565422,lo,0.00,0.00,0.00,0,0,0.00,0.00,0.00,0,0,0.00,0.00,0,0
1520565422,total,63390.00,54564.00,117954.00,54564,63390,39.00,37.00,76.00,37,39,0.00,0.00,0,0
1520565423,eth0,0.00,60.00,60.00,60,0,0.00,1.00,1.00,1,0,0.00,0.00,0,0
1520565423,eth1,0.00,0.00,0.00,0,0,0.00,0.00,0.00,0,0,0.00,0.00,0,0
1520565423,s2,0.00,0.00,0.00,0,0,0.00,0.00,0.00,0,0,0.00,0.00,0,0
1520565423,s2-eth2,1650.00,77012.00,78662.00,77012,1650,25.00,26.00,51.00,26,25,0.00,0.00,0,0
1520565423,s2-eth1,65164.00,1650.00,66814.00,1650,65164,22.00,25.00,47.00,25,22,0.00,0.00,0,0
1520565423,lo,0.00,0.00,0.00,0,0,0.00,0.00,0.00,0,0,0.00,0.00,0,0
1520565423,total,66814.00,78722.00,145536.00,78722,66814,47.00,52.00,99.00,52,47,0.00,0.00,0,0
1520565424,eth0,0.00,60.00,60.00,60,0,0.00,1.00,1.00,1,0,0.00,0.00,0,0
1520565424,eth1,0.00,0.00,0.00,0,0,0.00,0.00,0.00,0,0,0.00,0.00,0,0
1520565424,s2,0.00,0.00,0.00,0,0,0.00,0.00,0.00,0,0,0.00,0.00,0,0
1520565424,s2-eth2,2046.00,106632.00,108678.00,106632,2046,31.00,36.00,67.00,36,31,0.00,0.00,0,0
1520565424,s2-eth1,115860.00,2046.00,117906.00,2046,115860,40.00,31.00,71.00,31,40,0.00,0.00,0,0
1520565424,lo,172.00,172.00,344.00,172,172,3.00,3.00,6.00,3,3,0.00,0.00,0,0
1520565424,total,118078.00,108910.00,226988.00,108910,118078,74.00,71.00,145.00,71,74,0.00,0.00,0,0
1520565425,eth0,0.00,275.00,275.00,275,0,0.00,2.00,2.00,2,0,0.00,0.00,0,0
1520565425,eth1,0.00,0.00,0.00,0,0,0.00,0.00,0.00,0,0,0.00,0.00,0,0
1520565425,s2,0.00,0.00,0.00,0,0,0.00,0.00,0.00,0,0,0.00,0.00,0,0
1520565425,s2-eth2,4554.00,231036.00,235590.00,231036,4554,69.00,78.00,147.00,78,69,0.00,0.00,0,0
1520565425,s2-eth1,204378.00,4554.00,208932.00,4554,204378,69.00,69.00,138.00,69,69,0.00,0.00,0,0
1520565425,lo,0.00,0.00,0.00,0,0,0.00,0.00,0.00,0,0,0.00,0.00,0,0
1520565425,total,208932.00,235865.00,444797.00,235865,208932,138.00,149.00,287.00,149,138,0.00,0.00,0,0
1520565426,eth0,0.00,60.00,60.00,60,0,0.00,1.00,1.00,1,0,0.00,0.00,0,0
1520565426,eth1,0.00,0.00,0.00,0,0,0.00,0.00,0.00,0,0,0.00,0.00,0,0
1520565426,s2,0.00,0.00,0.00,0,0,0.00,0.00,0.00,0,0,0.00,0.00,0,0
1520565426,s2-eth2,6060.00,249402.00,255462.00,249402,6060,88.00,93.00,181.00,93,88,0.00,0.00,0,0
1520565426,s2-eth1,246440.00,6060.00,252500.00,6060,246440,92.00,88.00,180.00,88,92,0.00,0.00,0,0
1520565426,lo,0.00,0.00,0.00,0,0,0.00,0.00,0.00,0,0,0.00,0.00,0,0
1520565426,total,252500.00,255522.00,508022.00,255522,252500,180.00,182.00,362.00,182,180,0.00,0.00,0,0
1520565427,eth0,0.00,60.00,60.00,60,0,0.00,1.00,1.00,1,0,0.00,0.00,0,0
1520565427,eth1,0.00,0.00,0.00,0,0,0.00,0.00,0.00,0,0,0.00,0.00,0,0
1520565427,s2,0.00,0.00,0.00,0,0,0.00,0.00,0.00,0,0,0.00,0.00,0,0
1520565427,s2-eth2,5214.00,254732.00,259946.00,254732,5214,79.00,86.00,165.00,86,79,0.00,0.00,0,0
1520565427,s2-eth1,245846.00,5214.00,251060.00,5214,245846,83.00,79.00,162.00,79,83,0.00,0.00,0,0
1520565427,lo,0.00,0.00,0.00,0,0,0.00,0.00,0.00,0,0,0.00,0.00,0,0
1520565427,total,251060.00,260006.00,511066.00,260006,251060,162.00,166.00,328.00,166,162,0.00,0.00,0,0
1520565428,eth0,0.00,0.00,0.00,0,0,0.00,0.00,0.00,0,0,0.00,0.00,0,0
1520565428,eth1,0.00,0.00,0.00,0,0,0.00,0.00,0.00,0,0,0.00,0.00,0,0
1520565428,s2,0.00,0.00,0.00,0,0,0.00,0.00,0.00,0,0,0.00,0.00,0,0
1520565428,s2-eth2,8320.00,218998.00,227318.00,218998,8320,106.00,115.00,221.00,115,106,0.00,0.00,0,0
1520565428,s2-eth1,227356.00,8320.00,235676.00,8320,227356,110.00,106.00,216.00,106,110,0.00,0.00,0,0
1520565428,lo,0.00,0.00,0.00,0,0,0.00,0.00,0.00,0,0,0.00,0.00,0,0
1520565428,total,235676.00,227318.00,462994.00,227318,235676,216.00,221.00,437.00,221,216,0.00,0.00,0,0
1520565429,eth0,0.00,60.00,60.00,60,0,0.00,1.00,1.00,1,0,0.00,0.00,0,0
1520565429,eth1,0.00,0.00,0.00,0,0,0.00,0.00,0.00,0,0,0.00,0.00,0,0
1520565429,s2,0.00,0.00,0.00,0,0,0.00,0.00,0.00,0,0,0.00,0.00,0,0
1520565429,s2-eth2,4760.00,90180.00,94940.00,90180,4760,60.00,50.00,110.00,50,60,0.00,0.00,0,0
1520565429,s2-eth1,99330.00,4418.00,103748.00,4418,99330,57.00,59.00,116.00,59,57,0.00,0.00,0,0
1520565429,lo,172.00,172.00,344.00,172,172,3.00,3.00,6.00,3,3,0.00,0.00,0,0
1520565429,total,104262.00,94830.00,199092.00,94830,104262,120.00,113.00,233.00,113,120,0.00,0.00,0,0
1520565430,eth0,0.00,146.00,146.00,146,0,0.00,2.00,2.00,2,0,0.00,0.00,0,0
1520565430,eth1,0.00,86.00,86.00,86,0,0.00,1.00,1.00,1,0,0.00,0.00,0,0
1520565430,s2,0.00,0.00,0.00,0,0,0.00,0.00,0.00,0,0,0.00,0.00,0,0
1520565430,s2-eth2,2154.00,83332.00,85486.00,83332,2154,31.00,34.00,65.00,34,31,0.00,0.00,0,0
1520565430,s2-eth1,65560.00,2154.00,67714.00,2154,65560,28.00,31.00,59.00,31,28,0.00,0.00,0,0
1520565430,lo,0.00,0.00,0.00,0,0,0.00,0.00,0.00,0,0,0.00,0.00,0,0
1520565430,total,67714.00,85718.00,153432.00,85718,67714,59.00,68.00,127.00,68,59,0.00,0.00,0,0
1520565431,eth0,0.00,60.00,60.00,60,0,0.00,1.00,1.00,1,0,0.00,0.00,0,0
1520565431,eth1,0.00,0.00,0.00,0,0,0.00,0.00,0.00,0,0,0.00,0.00,0,0
1520565431,s2,0.00,0.00,0.00,0,0,0.00,0.00,0.00,0,0,0.00,0.00,0,0
1520565431,s2-eth2,1518.00,74050.00,75568.00,74050,1518,23.00,25.00,48.00,25,23,0.00,0.00,0,0
1520565431,s2-eth1,85898.00,1518.00,87416.00,1518,85898,29.00,23.00,52.00,23,29,0.00,0.00,0,0
1520565431,lo,0.00,0.00,0.00,0,0,0.00,0.00,0.00,0,0,0.00,0.00,0,0
1520565431,total,87416.00,75628.00,163044.00,75628,87416,52.00,49.00,101.00,49,52,0.00,0.00,0,0
1520565432,eth0,0.00,59.94,59.94,60,0,0.00,1.00,1.00,1,0,0.00,0.00,0,0
1520565432,eth1,0.00,0.00,0.00,0,0,0.00,0.00,0.00,0,0,0.00,0.00,0,0
1520565432,s2,0.00,0.00,0.00,0,0,0.00,0.00,0.00,0,0,0.00,0.00,0,0
1520565432,s2-eth2,2301.70,91994.01,94295.70,92086,2304,33.97,34.97,68.93,35,34,0.00,0.00,0,0
1520565432,s2-eth1,74239.77,2301.70,76541.46,2304,74314,28.97,33.97,62.94,34,29,0.00,0.00,0,0
1520565432,lo,0.00,0.00,0.00,0,0,0.00,0.00,0.00,0,0,0.00,0.00,0,0
1520565432,total,76541.46,94355.65,170897.11,94450,76618,62.94,69.93,132.87,70,63,0.00,0.00,0,0
1520565433,eth0,0.00,0.00,0.00,0,0,0.00,0.00,0.00,0,0,0.00,0.00,0,0
1520565433,eth1,0.00,0.00,0.00,0,0,0.00,0.00,0.00,0,0,0.00,0.00,0,0
1520565433,s2,0.00,0.00,0.00,0,0,0.00,0.00,0.00,0,0,0.00,0.00,0,0
1520565433,s2-eth2,1914.00,85898.00,87812.00,85898,1914,29.00,29.00,58.00,29,29,0.00,0.00,0,0
1520565433,s2-eth1,97746.00,1914.00,99660.00,1914,97746,33.00,29.00,62.00,29,33,0.00,0.00,0,0
1520565433,lo,0.00,0.00,0.00,0,0,0.00,0.00,0.00,0,0,0.00,0.00,0,0
1520565433,total,99660.00,87812.00,187472.00,87812,99660,62.00,58.00,120.00,58,62,0.00,0.00,0,0
1520565434,eth0,0.00,60.00,60.00,60,0,0.00,1.00,1.00,1,0,0.00,0.00,0,0
1520565434,eth1,0.00,0.00,0.00,0,0,0.00,0.00,0.00,0,0,0.00,0.00,0,0
1520565434,s2,0.00,0.00,0.00,0,0,0.00,0.00,0.00,0,0,0.00,0.00,0,0
1520565434,s2-eth2,2304.00,92086.00,94390.00,92086,2304,34.00,35.00,69.00,35,34,0.00,0.00,0,0
1520565434,s2-eth1,77276.00,2304.00,79580.00,2304,77276,30.00,34.00,64.00,34,30,0.00,0.00,0,0
1520565434,lo,172.00,172.00,344.00,172,172,3.00,3.00,6.00,3,3,0.00,0.00,0,0
1520565434,total,79752.00,94622.00,174374.00,94622,79752,67.00,73.00,140.00,73,67,0.00,0.00,0,0
1520565435,eth0,0.00,60.00,60.00,60,0,0.00,1.00,1.00,1,0,0.00,0.00,0,0
1520565435,eth1,0.00,0.00,0.00,0,0,0.00,0.00,0.00,0,0,0.00,0.00,0,0
1520565435,s2,0.00,0.00,0.00,0,0,0.00,0.00,0.00,0,0,0.00,0.00,0,0
1520565435,s2-eth2,1908.00,77276.00,79184.00,77276,1908,28.00,30.00,58.00,30,28,0.00,0.00,0,0
1520565435,s2-eth1,86162.00,1908.00,88070.00,1908,86162,33.00,28.00,61.00,28,33,0.00,0.00,0,0
1520565435,lo,0.00,0.00,0.00,0,0,0.00,0.00,0.00,0,0,0.00,0.00,0,0
1520565435,total,88070.00,79244.00,167314.00,79244,88070,61.00,59.00,120.00,59,61,0.00,0.00,0,0
1520565436,eth0,0.00,60.00,60.00,60,0,0.00,1.00,1.00,1,0,0.00,0.00,0,0
1520565436,eth1,0.00,0.00,0.00,0,0,0.00,0.00,0.00,0,0,0.00,0.00,0,0
1520565436,s2,0.00,0.00,0.00,0,0,0.00,0.00,0.00,0,0,0.00,0.00,0,0
1520565436,s2-eth2,1914.00,94784.00,96698.00,94784,1914,29.00,32.00,61.00,32,29,0.00,0.00,0,0
1520565436,s2-eth1,91822.00,1914.00,93736.00,1914,91822,31.00,29.00,60.00,29,31,0.00,0.00,0,0
1520565436,lo,0.00,0.00,0.00,0,0,0.00,0.00,0.00,0,0,0.00,0.00,0,0
1520565436,total,93736.00,96758.00,190494.00,96758,93736,60.00,62.00,122.00,62,60,0.00,0.00,0,0
1520565437,eth0,0.00,59.94,59.94,60,0,0.00,1.00,1.00,1,0,0.00,0.00,0,0
1520565437,eth1,0.00,0.00,0.00,0,0,0.00,0.00,0.00,0,0,0.00,0.00,0,0
1520565437,s2,0.00,0.00,0.00,0,0,0.00,0.00,0.00,0,0,0.00,0.00,0,0
1520565437,s2-eth2,2277.72,89076.92,91354.65,89166,2280,33.97,34.97,68.93,35,34,0.00,0.00,0,0
1520565437,s2-eth1,83158.84,2277.72,85436.56,2280,83242,32.97,33.97,66.93,34,33,0.00,0.00,0,0
1520565437,lo,295.70,295.70,591.41,296,296,3.00,3.00,5.99,3,3,0.00,0.00,0,0
1520565437,total,85732.27,91710.29,177442.56,91802,85818,69.93,72.93,142.86,73,70,0.00,0.00,0,0
1520565438,eth0,268.00,60.00,328.00,60,268,3.00,1.00,4.00,1,3,0.00,0.00,0,0
1520565438,eth1,0.00,0.00,0.00,0,0,0.00,0.00,0.00,0,0,0.00,0.00,0,0
1520565438,s2,0.00,0.00,0.00,0,0,0.00,0.00,0.00,0,0,0.00,0.00,0,0
1520565438,s2-eth2,2112.00,94784.00,96896.00,94784,2112,32.00,32.00,64.00,32,32,0.00,0.00,0,0
1520565438,s2-eth1,97746.00,2112.00,99858.00,2112,97746,33.00,32.00,65.00,32,33,0.00,0.00,0,0
1520565438,lo,124.00,124.00,248.00,124,124,2.00,2.00,4.00,2,2,0.00,0.00,0,0
1520565438,total,100250.00,97080.00,197330.00,97080,100250,70.00,67.00,137.00,67,70,0.00,0.00,0,0
1520565439,eth0,368.00,738.00,1106.00,738,368,3.00,6.00,9.00,6,3,0.00,0.00,0,0
1520565439,eth1,0.00,0.00,0.00,0,0,0.00,0.00,0.00,0,0,0.00,0.00,0,0
1520565439,s2,0.00,0.00,0.00,0,0,0.00,0.00,0.00,0,0,0.00,0.00,0,0
1520565439,s2-eth2,2778.00,97746.00,100524.00,97746,2778,37.00,33.00,70.00,33,37,0.00,0.00,0,0
1520565439,s2-eth1,98346.00,2178.00,100524.00,2178,98346,37.00,33.00,70.00,33,37,0.00,0.00,0,0
1520565439,lo,558.00,558.00,1116.00,558,558,6.00,6.00,12.00,6,6,0.00,0.00,0,0
1520565439,total,102050.00,101220.00,203270.00,101220,102050,83.00,78.00,161.00,78,83,0.00,0.00,0,0
1520565440,eth0,920.00,3959.00,4879.00,3959,920,10.00,56.00,66.00,56,10,0.00,0.00,0,0
1520565440,eth1,0.00,0.00,0.00,0,0,0.00,0.00,0.00,0,0,0.00,0.00,0,0
1520565440,s2,0.00,0.00,0.00,0,0,0.00,0.00,0.00,0,0,0.00,0.00,0,0
1520565440,s2-eth2,2467.53,109484.52,111952.05,109594,2470,36.96,36.96,73.93,37,37,0.00,0.00,0,0
1520565440,s2-eth1,106775.23,2307.69,109082.92,2310,106882,38.96,34.97,73.93,35,39,0.00,0.00,0,0
1520565440,lo,1021.98,1021.98,2043.96,1023,1023,11.99,11.99,23.98,12,12,0.00,0.00,0,0
1520565440,total,111183.82,116769.23,227953.05,116886,111295,97.90,139.86,237.76,140,98,0.00,0.00,0,0
1520565441,eth0,192.00,2565.00,2757.00,2565,192,2.00,40.00,42.00,40,2,0.00,0.00,0,0
1520565441,eth1,0.00,0.00,0.00,0,0,0.00,0.00,0.00,0,0,0.00,0.00,0,0
1520565441,s2,0.00,0.00,0.00,0,0,0.00,0.00,0.00,0,0,0.00,0.00,0,0
1520565441,s2-eth2,2856.00,121574.00,124430.00,121574,2856,42.00,43.00,85.00,43,42,0.00,0.00,0,0
1520565441,s2-eth1,118888.00,2766.00,121654.00,2766,118888,42.00,41.00,83.00,41,42,0.00,0.00,0,0
1520565441,lo,513.00,513.00,1026.00,513,513,7.00,7.00,14.00,7,7,0.00,0.00,0,0
1520565441,total,122449.00,127418.00,249867.00,127418,122449,93.00,131.00,224.00,131,93,0.00,0.00,0,0
1520565442,eth0,0.00,840.00,840.00,840,0,0.00,14.00,14.00,14,0,0.00,0.00,0,0
1520565442,eth1,0.00,0.00,0.00,0,0,0.00,0.00,0.00,0,0,0.00,0.00,0,0
1520565442,s2,0.00,0.00,0.00,0,0,0.00,0.00,0.00,0,0,0.00,0.00,0,0
1520565442,s2-eth2,2940.00,121442.00,124382.00,121442,2940,40.00,41.00,81.00,41,40,0.00,0.00,0,0
1520565442,s2-eth1,121508.00,2598.00,124106.00,2598,121508,42.00,39.00,81.00,39,42,0.00,0.00,0,0
1520565442,lo,0.00,0.00,0.00,0,0,0.00,0.00,0.00,0,0,0.00,0.00,0,0
1520565442,total,124448.00,124880.00,249328.00,124880,124448,82.00,94.00,176.00,94,82,0.00,0.00,0,0
1520565443,eth0,146.00,3060.00,3206.00,3060,146,2.00,51.00,53.00,51,2,0.00,0.00,0,0
1520565443,eth1,0.00,0.00,0.00,0,0,0.00,0.00,0.00,0,0,0.00,0.00,0,0
1520565443,s2,0.00,0.00,0.00,0,0,0.00,0.00,0.00,0,0,0.00,0.00,0,0
1520565443,s2-eth2,3000.00,121640.00,124640.00,121640,3000,44.00,44.00,88.00,44,44,0.00,0.00,0,0
1520565443,s2-eth1,121640.00,3000.00,124640.00,3000,121640,44.00,44.00,88.00,44,44,0.00,0.00,0,0
1520565443,lo,0.00,0.00,0.00,0,0,0.00,0.00,0.00,0,0,0.00,0.00,0,0
1520565443,total,124786.00,127700.00,252486.00,127700,124786,90.00,139.00,229.00,139,90,0.00,0.00,0,0
1520565444,eth0,0.00,3078.00,3078.00,3078,0,0.00,51.00,51.00,51,0,0.00,0.00,0,0
1520565444,eth1,0.00,0.00,0.00,0,0,0.00,0.00,0.00,0,0,0.00,0.00,0,0
1520565444,s2,0.00,0.00,0.00,0,0,0.00,0.00,0.00,0,0,0.00,0.00,0,0
1520565444,s2-eth2,2974.00,130328.00,133302.00,130328,2974,45.00,44.00,89.00,44,45,0.00,0.00,0,0
1520565444,s2-eth1,124816.00,2904.00,127720.00,2904,124816,44.00,44.00,88.00,44,44,0.00,0.00,0,0
1520565444,lo,0.00,0.00,0.00,0,0,0.00,0.00,0.00,0,0,0.00,0.00,0,0
1520565444,total,127790.00,136310.00,264100.00,136310,127790,89.00,139.00,228.00,139,89,0.00,0.00,0,0
1520565445,eth0,86.00,2178.00,2264.00,2178,86,1.00,36.00,37.00,36,1,0.00,0.00,0,0
1520565445,eth1,0.00,0.00,0.00,0,0,0.00,0.00,0.00,0,0,0.00,0.00,0,0
1520565445,s2,0.00,0.00,0.00,0,0,0.00,0.00,0.00,0,0,0.00,0.00,0,0
1520565445,s2-eth2,2904.00,133290.00,136194.00,133290,2904,44.00,45.00,89.00,45,44,0.00,0.00,0,0
1520565445,s2-eth1,136252.00,2904.00,139156.00,2904,136252,46.00,44.00,90.00,44,46,0.00,0.00,0,0
1520565445,lo,0.00,0.00,0.00,0,0,0.00,0.00,0.00,0,0,0.00,0.00,0,0
1520565445,total,139242.00,138372.00,277614.00,138372,139242,91.00,125.00,216.00,125,91,0.00,0.00,0,0
1520565446,eth0,0.00,1020.00,1020.00,1020,0,0.00,17.00,17.00,17,0,0.00,0.00,0,0
1520565446,eth1,0.00,0.00,0.00,0,0,0.00,0.00,0.00,0,0,0.00,0.00,0,0
1520565446,s2,0.00,0.00,0.00,0,0,0.00,0.00,0.00,0,0,0.00,0.00,0,0
1520565446,s2-eth2,2838.00,136252.00,139090.00,136252,2838,43.00,46.00,89.00,46,43,0.00,0.00,0,0
1520565446,s2-eth1,133290.00,2838.00,136128.00,2838,133290,45.00,43.00,88.00,43,45,0.00,0.00,0,0
1520565446,lo,172.00,172.00,344.00,172,172,3.00,3.00,6.00,3,3,0.00,0.00,0,0
1520565446,total,136300.00,140282.00,276582.00,140282,136300,91.00,109.00,200.00,109,91,0.00,0.00,0,0
1520565447,eth0,0.00,300.00,300.00,300,0,0.00,5.00,5.00,5,0,0.00,0.00,0,0
1520565447,eth1,0.00,0.00,0.00,0,0,0.00,0.00,0.00,0,0,0.00,0.00,0,0
1520565447,s2,0.00,0.00,0.00,0,0,0.00,0.00,0.00,0,0,0.00,0.00,0,0
1520565447,s2-eth2,3408.00,136714.00,140122.00,136714,3408,50.00,53.00,103.00,53,50,0.00,0.00,0,0
1520565447,s2-eth1,131132.00,3408.00,134540.00,3408,131132,52.00,50.00,102.00,50,52,0.00,0.00,0,0
1520565447,lo,0.00,0.00,0.00,0,0,0.00,0.00,0.00,0,0,0.00,0.00,0,0
1520565447,total,134540.00,140422.00,274962.00,140422,134540,102.00,108.00,210.00,108,102,0.00,0.00,0,0
1520565448,eth0,0.00,60.00,60.00,60,0,0.00,1.00,1.00,1,0,0.00,0.00,0,0
1520565448,eth1,0.00,0.00,0.00,0,0,0.00,0.00,0.00,0,0,0.00,0.00,0,0
1520565448,s2,0.00,0.00,0.00,0,0,0.00,0.00,0.00,0,0,0.00,0.00,0,0
1520565448,s2-eth2,3172.00,142176.00,145348.00,142176,3172,48.00,48.00,96.00,48,48,0.00,0.00,0,0
1520565448,s2-eth1,148170.00,3102.00,151272.00,3102,148170,51.00,47.00,98.00,47,51,0.00,0.00,0,0
1520565448,lo,0.00,0.00,0.00,0,0,0.00,0.00,0.00,0,0,0.00,0.00,0,0
1520565448,total,151342.00,145338.00,296680.00,145338,151342,99.00,96.00,195.00,96,99,0.00,0.00,0,0
1520565449,eth0,0.00,60.00,60.00,60,0,0.00,1.00,1.00,1,0,0.00,0.00,0,0
1520565449,eth1,0.00,0.00,0.00,0,0,0.00,0.00,0.00,0,0,0.00,0.00,0,0
1520565449,s2,0.00,0.00,0.00,0,0,0.00,0.00,0.00,0,0,0.00,0.00,0,0
1520565449,s2-eth2,4028.00,104726.00,108754.00,104726,4028,50.00,51.00,101.00,51,50,0.00,0.00,0,0
1520565449,s2-eth1,97222.00,3686.00,100908.00,3686,97222,47.00,49.00,96.00,49,47,0.00,0.00,0,0
1520565449,lo,0.00,0.00,0.00,0,0,0.00,0.00,0.00,0,0,0.00,0.00,0,0
1520565449,total,101250.00,108472.00,209722.00,108472,101250,97.00,101.00,198.00,101,97,0.00,0.00,0,0
1520565450,eth0,0.00,59.94,59.94,60,0,0.00,1.00,1.00,1,0,0.00,0.00,0,0
1520565450,eth1,0.00,0.00,0.00,0,0,0.00,0.00,0.00,0,0,0.00,0.00,0,0
1520565450,s2,0.00,0.00,0.00,0,0,0.00,0.00,0.00,0,0,0.00,0.00,0,0
1520565450,s2-eth2,1378.62,51948.05,53326.68,52000,1380,19.98,19.98,39.96,20,20,0.00,0.00,0,0
1520565450,s2-eth1,57866.14,1378.62,59244.76,1380,57924,21.98,19.98,41.96,20,22,0.00,0.00,0,0
1520565450,lo,0.00,0.00,0.00,0,0,0.00,0.00,0.00,0,0,0.00,0.00,0,0
1520565450,total,59244.76,53386.61,112631.38,53440,59304,41.96,40.96,82.92,41,42,0.00,0.00,0,0
1520565451,eth0,0.00,0.00,0.00,0,0,0.00,0.00,0.00,0,0,0.00,0.00,0,0
1520565451,eth1,0.00,0.00,0.00,0,0,0.00,0.00,0.00,0,0,0.00,0.00,0,0
1520565451,s2,0.00,0.00,0.00,0,0,0.00,0.00,0.00,0,0,0.00,0.00,0,0
1520565451,s2-eth2,1182.00,46076.00,47258.00,46076,1182,17.00,18.00,35.00,18,17,0.00,0.00,0,0
1520565451,s2-eth1,37124.00,1182.00,38306.00,1182,37124,14.00,17.00,31.00,17,14,0.00,0.00,0,0
1520565451,lo,172.00,172.00,344.00,172,172,3.00,3.00,6.00,3,3,0.00,0.00,0,0
1520565451,total,38478.00,47430.00,85908.00,47430,38478,34.00,38.00,72.00,38,34,0.00,0.00,0,0
1520565452,eth0,0.00,59.94,59.94,60,0,0.00,1.00,1.00,1,0,0.00,0.00,0,0
1520565452,eth1,0.00,0.00,0.00,0,0,0.00,0.00,0.00,0,0,0.00,0.00,0,0
1520565452,s2,0.00,0.00,0.00,0,0,0.00,0.00,0.00,0,0,0.00,0.00,0,0
1520565452,s2-eth2,803.20,32615.38,33418.58,32648,804,11.99,11.99,23.98,12,12,0.00,0.00,0,0
1520565452,s2-eth1,37086.91,803.20,37890.11,804,37124,13.99,11.99,25.97,12,14,0.00,0.00,0,0
1520565452,lo,0.00,0.00,0.00,0,0,0.00,0.00,0.00,0,0,0.00,0.00,0,0
1520565452,total,37890.11,33478.52,71368.63,33512,37928,25.97,24.98,50.95,25,26,0.00,0.00,0,0
1520565453,eth0,0.00,60.00,60.00,60,0,0.00,1.00,1.00,1,0,0.00,0.00,0,0
1520565453,eth1,0.00,0.00,0.00,0,0,0.00,0.00,0.00,0,0,0.00,0.00,0,0
1520565453,s2,0.00,0.00,0.00,0,0,0.00,0.00,0.00,0,0,0.00,0.00,0,0
1520565453,s2-eth2,1056.00,50354.00,51410.00,50354,1056,16.00,17.00,33.00,17,16,0.00,0.00,0,0
1520565453,s2-eth1,41468.00,1056.00,42524.00,1056,41468,14.00,16.00,30.00,16,14,0.00,0.00,0,0
1520565453,lo,0.00,0.00,0.00,0,0,0.00,0.00,0.00,0,0,0.00,0.00,0,0
1520565453,total,42524.00,51470.00,93994.00,51470,42524,30.00,34.00,64.00,34,30,0.00,0.00,0,0
1520565454,eth0,0.00,59.94,59.94,60,0,0.00,1.00,1.00,1,0,0.00,0.00,0,0
1520565454,eth1,0.00,0.00,0.00,0,0,0.00,0.00,0.00,0,0,0.00,0.00,0,0
1520565454,s2,0.00,0.00,0.00,0,0,0.00,0.00,0.00,0,0,0.00,0.00,0,0
1520565454,s2-eth2,1378.62,62403.60,63782.22,62466,1380,19.98,24.98,44.96,25,20,0.00,0.00,0,0
1520565454,s2-eth1,66809.20,1378.62,68187.81,1380,66876,25.97,19.98,45.95,20,26,0.00,0.00,0,0
1520565454,lo,0.00,0.00,0.00,0,0,0.00,0.00,0.00,0,0,0.00,0.00,0,0
1520565454,total,68187.81,63842.16,132029.97,63906,68256,45.95,45.95,91.91,46,46,0.00,0.00,0,0
1520565455,eth0,0.00,0.00,0.00,0,0,0.00,0.00,0.00,0,0,0.00,0.00,0,0
1520565455,eth1,0.00,0.00,0.00,0,0,0.00,0.00,0.00,0,0,0.00,0.00,0,0
1520565455,s2,0.00,0.00,0.00,0,0,0.00,0.00,0.00,0,0,0.00,0.00,0,0
1520565455,s2-eth2,1362.00,37322.00,38684.00,37322,1362,19.00,17.00,36.00,17,19,0.00,0.00,0,0
1520565455,s2-eth1,30160.00,1362.00,31522.00,1362,30160,14.00,19.00,33.00,19,14,0.00,0.00,0,0
1520565455,lo,0.00,0.00,0.00,0,0,0.00,0.00,0.00,0,0,0.00,0.00,0,0
1520565455,total,31522.00,38684.00,70206.00,38684,31522,33.00,36.00,69.00,36,33,0.00,0.00,0,0
1520565456,eth0,0.00,0.00,0.00,0,0,0.00,0.00,0.00,0,0,0.00,0.00,0,0
1520565456,eth1,0.00,0.00,0.00,0,0,0.00,0.00,0.00,0,0,0.00,0.00,0,0
1520565456,s2,0.00,0.00,0.00,0,0,0.00,0.00,0.00,0,0,0.00,0.00,0,0
1520565456,s2-eth2,738.00,31200.00,31938.00,31200,738,11.00,12.00,23.00,12,11,0.00,0.00,0,0
1520565456,s2-eth1,34228.00,738.00,34966.00,738,34228,14.00,11.00,25.00,11,14,0.00,0.00,0,0
1520565456,lo,172.00,172.00,344.00,172,172,3.00,3.00,6.00,3,3,0.00,0.00,0,0
1520565456,total,35138.00,32110.00,67248.00,32110,35138,28.00,26.00,54.00,26,28,0.00,0.00,0,0
1520565457,eth0,0.00,60