1520565237,s1,0.00,0.00,0.00,0,0,0.00,0.00,0.00,0,0,0.00,0.00,0,0
1520565237,eth0,0.00,0.00,0.00,0,0,0.00,0.00,0.00,0,0,0.00,0.00,0,0
1520565237,eth1,0.00,0.00,0.00,0,0,0.00,0.00,0.00,0,0,0.00,0.00,0,0
1520565237,s1-eth2,0.00,0.00,0.00,0,0,0.00,0.00,0.00,0,0,0.00,0.00,0,0
1520565237,s1-eth1,0.00,0.00,0.00,0,0,0.00,0.00,0.00,0,0,0.00,0.00,0,0
1520565237,lo,0.00,0.00,0.00,0,0,0.00,0.00,0.00,0,0,0.00,0.00,0,0
1520565237,total,0.00,0.00,0.00,0,0,0.00,0.00,0.00,0,0,0.00,0.00,0,0
1520565238,s1,160.00,90.00,250.00,90,160,2.00,1.00,3.00,1,2,0.00,0.00,0,0
1520565238,eth0,576.00,855.00,1431.00,855,576,6.00,6.00,12.00,6,6,0.00,0.00,0,0
1520565238,eth1,0.00,0.00,0.00,0,0,0.00,0.00,0.00,0,0,0.00,0.00,0,0
1520565238,s1-eth2,6422.00,252718.00,259140.00,252718,6422,93.00,99.00,192.00,99,93,0.00,0.00,0,0
1520565238,s1-eth1,247072.00,6012.00,253084.00,6012,247072,100.00,88.00,188.00,88,100,0.00,0.00,0,0
1520565238,lo,1867.00,1867.00,3734.00,1867,1867,21.00,21.00,42.00,21,21,0.00,0.00,0,0
1520565238,total,256097.00,261542.00,517639.00,261542,256097,222.00,215.00,437.00,215,222,0.00,0.00,0,0
1520565239,s1,90.00,0.00,90.00,0,90,1.00,0.00,1.00,0,1,0.00,0.00,0,0
1520565239,eth0,192.00,345.00,537.00,345,192,2.00,3.00,5.00,3,2,0.00,0.00,0,0
1520565239,eth1,0.00,0.00,0.00,0,0,0.00,0.00,0.00,0,0,0.00,0.00,0,0
1520565239,s1-eth2,6024.00,248940.00,254964.00,248940,6024,86.00,86.00,172.00,86,86,0.00,0.00,0,0
1520565239,s1-eth1,243580.00,5658.00,249238.00,5658,243580,88.00,85.00,173.00,85,88,0.00,0.00,0,0
1520565239,lo,629.00,629.00,1258.00,629,629,7.00,7.00,14.00,7,7,0.00,0.00,0,0
1520565239,total,250515.00,255572.00,506087.00,255572,250515,184.00,181.00,365.00,181,184,0.00,0.00,0,0
1520565240,s1,0.00,0.00,0.00,0,0,0.00,0.00,0.00,0,0,0.00,0.00,0,0
1520565240,eth0,0.00,59.94,59.94,60,0,0.00,1.00,1.00,1,0,0.00,0.00,0,0
1520565240,eth1,0.00,0.00,0.00,0,0,0.00,0.00,0.00,0,0,0.00,0.00,0,0
1520565240,s1-eth2,6113.89,252111.89,258225.78,252364,6120,89.91,93.91,183.82,94,90,0.00,0.00,0,0
1520565240,s1-eth1,246193.81,6047.95,252241.77,6054,246440,91.91,88.91,180.82,89,92,0.00,0.00,0,0
1520565240,lo,0.00,0.00,0.00,0,0,0.00,0.00,0.00,0,0,0.00,0.00,0,0
1520565240,total,252307.70,258219.78,510527.50,258478,252560,181.82,183.82,365.63,184,182,0.00,0.00,0,0
1520565241,s1,0.00,139.86,139.86,140,0,0.00,2.00,2.00,2,0,0.00,0.00,0,0
1520565241,eth0,0.00,59.94,59.94,60,0,0.00,1.00,1.00,1,0,0.00,0.00,0,0
1520565241,eth1,0.00,0.00,0.00,0,0,0.00,0.00,0.00,0,0,0.00,0.00,0,0
1520565241,s1-eth2,6671.33,260337.67,267009.00,260598,6678,96.90,108.89,205.79,109,97,0.00,0.00,0,0
1520565241,s1-eth1,240939.06,6671.33,247610.39,6678,241180,99.90,96.90,196.80,97,100,0.00,0.00,0,0
1520565241,lo,535.46,535.46,1070.93,536,536,5.99,5.99,11.99,6,6,0.00,0.00,0,0
1520565241,total,248145.86,267744.25,515890.12,268012,248394,202.80,214.79,417.58,215,203,0.00,0.00,0,0
1520565242,s1,69.93,0.00,69.93,0,70,1.00,0.00,1.00,0,1,0.00,0.00,0,0
1520565242,eth0,0.00,59.94,59.94,60,0,0.00,1.00,1.00,1,0,0.00,0.00,0,0
1520565242,eth1,0.00,0.00,0.00,0,0,0.00,0.00,0.00,0,0,0.00,0.00,0,0
1520565242,s1-eth2,6007.99,254939.06,260947.06,255194,6014,88.91,92.91,181.82,93,89,0.00,0.00,0,0
1520565242,s1-eth1,243242.77,5868.13,249110.89,5874,243486,90.91,86.91,177.82,87,91,0.00,0.00,0,0
1520565242,lo,267.73,267.73,535.46,268,268,3.00,3.00,5.99,3,3,0.00,0.00,0,0
1520565242,total,249588.42,261134.88,510723.28,261396,249838,183.82,183.82,367.63,184,184,0.00,0.00,0,0
1520565243,s1,0.00,0.00,0.00,0,0,0.00,0.00,0.00,0,0,0.00,0.00,0,0
1520565243,eth0,0.00,60.00,60.00,60,0,0.00,1.00,1.00,1,0,0.00,0.00,0,0
1520565243,eth1,0.00,0.00,0.00,0,0,0.00,0.00,0.00,0,0,0.00,0.00,0,0
1520565243,s1-eth2,6572.00,255722.00,262294.00,255722,6572,96.00,101.00,197.00,101,96,0.00,0.00,0,0
1520565243,s1-eth1,243874.00,6572.00,250446.00,6572,243874,97.00,96.00,193.00,96,97,0.00,0.00,0,0
1520565243,lo,0.00,0.00,0.00,0,0,0.00,0.00,0.00,0,0,0.00,0.00,0,0
1520565243,total,250446.00,262354.00,512800.00,262354,250446,193.00,198.00,391.00,198,193,0.00,0.00,0,0
1520565244,s1,0.00,0.00,0.00,0,0,0.00,0.00,0.00,0,0,0.00,0.00,0,0
1520565244,eth0,0.00,60.00,60.00,60,0,0.00,1.00,1.00,1,0,0.00,0.00,0,0
1520565244,eth1,0.00,0.00,0.00,0,0,0.00,0.00,0.00,0,0,0.00,0.00,0,0
1520565244,s1-eth2,6192.00,254142.00,260334.00,254142,6192,92.00,99.00,191.00,99,92,0.00,0.00,0,0
1520565244,s1-eth1,244084.00,6192.00,250276.00,6192,244084,96.00,92.00,188.00,92,96,0.00,0.00,0,0
1520565244,lo,0.00,0.00,0.00,0,0,0.00,0.00,0.00,0,0,0.00,0.00,0,0
1520565244,total,250276.00,260394.00,510670.00,260394,250276,188.00,192.00,380.00,192,188,0.00,0.00,0,0
1520565245,s1,0.00,140.00,140.00,140,0,0.00,2.00,2.00,2,0,0.00,0.00,0,0
1520565245,eth0,0.00,215.00,215.00,215,0,0.00,1.00,1.00,1,0,0.00,0.00,0,0
1520565245,eth1,0.00,0.00,0.00,0,0,0.00,0.00,0.00,0,0,0.00,0.00,0,0
1520565245,s1-eth2,5578.00,255132.00,260710.00,255132,5578,83.00,92.00,175.00,92,83,0.00,0.00,0,0
1520565245,s1-eth1,243284.00,5578.00,248862.00,5578,243284,88.00,83.00,171.00,83,88,0.00,0.00,0,0
1520565245,lo,536.00,536.00,1072.00,536,536,6.00,6.00,12.00,6,6,0.00,0.00,0,0
1520565245,total,249398.00,261601.00,510999.00,261601,249398,177.00,184.00,361.00,184,177,0.00,0.00,0,0
1520565246,s1,70.00,0.00,70.00,0,70,1.00,0.00,1.00,0,1,0.00,0.00,0,0
1520565246,eth0,0.00,60.00,60.00,60,0,0.00,1.00,1.00,1,0,0.00,0.00,0,0
1520565246,eth1,0.00,0.00,0.00,0,0,0.00,0.00,0.00,0,0,0.00,0.00,0,0
1520565246,s1-eth2,6422.00,254274.00,260696.00,254274,6422,93.00,101.00,194.00,101,93,0.00,0.00,0,0
1520565246,s1-eth1,244014.00,6282.00,250296.00,6282,244014,99.00,91.00,190.00,91,99,0.00,0.00,0,0
1520565246,lo,268.00,268.00,536.00,268,268,3.00,3.00,6.00,3,3,0.00,0.00,0,0
1520565246,total,250774.00,260884.00,511658.00,260884,250774,196.00,196.00,392.00,196,196,0.00,0.00,0,0
1520565247,s1,0.00,0.00,0.00,0,0,0.00,0.00,0.00,0,0,0.00,0.00,0,0
1520565247,eth0,0.00,60.00,60.00,60,0,0.00,1.00,1.00,1,0,0.00,0.00,0,0
1520565247,eth1,0.00,0.00,0.00,0,0,0.00,0.00,0.00,0,0,0.00,0.00,0,0
1520565247,s1-eth2,5928.00,253614.00,259542.00,253614,5928,84.00,91.00,175.00,91,84,0.00,0.00,0,0
1520565247,s1-eth1,243214.00,5586.00,248800.00,5586,243214,87.00,83.00,170.00,83,87,0.00,0.00,0,0
1520565247,lo,0.00,0.00,0.00,0,0,0.00,0.00,0.00,0,0,0.00,0.00,0,0
1520565247,total,249142.00,259260.00,508402.00,259260,249142,171.00,175.00,346.00,175,171,0.00,0.00,0,0
1520565248,s1,0.00,0.00,0.00,0,0,0.00,0.00,0.00,0,0,0.00,0.00,0,0
1520565248,eth0,0.00,60.00,60.00,60,0,0.00,1.00,1.00,1,0,0.00,0.00,0,0
1520565248,eth1,0.00,0.00,0.00,0,0,0.00,0.00,0.00,0,0,0.00,0.00,0,0
1520565248,s1-eth2,5862.00,252232.00,258094.00,252232,5862,87.00,92.00,179.00,92,87,0.00,0.00,0,0
1520565248,s1-eth1,246308.00,5928.00,252236.00,5928,246308,90.00,88.00,178.00,88,90,0.00,0.00,0,0
1520565248,lo,0.00,0.00,0.00,0,0,0.00,0.00,0.00,0,0,0.00,0.00,0,0
1520565248,total,252170.00,258220.00,510390.00,258220,252170,177.00,181.00,358.00,181,177,0.00,0.00,0,0
1520565249,s1,0.00,0.00,0.00,0,0,0.00,0.00,0.00,0,0,0.00,0.00,0,0
1520565249,eth0,0.00,0.00,0.00,0,0,0.00,0.00,0.00,0,0,0.00,0.00,0,0
1520565249,eth1,0.00,0.00,0.00,0,0,0.00,0.00,0.00,0,0,0.00,0.00,0,0
1520565249,s1-eth2,5376.62,254609.39,259986.02,254864,5382,80.92,87.91,168.83,88,81,0.00,0.00,0,0
1520565249,s1-eth1,245732.28,5310.69,251042.97,5316,245978,84.92,79.92,164.84,80,85,0.00,0.00,0,0
1520565249,lo,0.00,0.00,0.00,0,0,0.00,0.00,0.00,0,0,0.00,0.00,0,0
1520565249,total,251108.89,259920.09,511029.00,260180,251360,165.83,167.83,333.67,168,166,0.00,0.00,0,0
1520565250,s1,0.00,0.00,0.00,0,0,0.00,0.00,0.00,0,0,0.00,0.00,0,0
1520565250,eth0,0.00,60.00,60.00,60,0,0.00,1.00,1.00,1,0,0.00,0.00,0,0
1520565250,eth1,0.00,0.00,0.00,0,0,0.00,0.00,0.00,0,0,0.00,0.00,0,0
1520565250,s1-eth2,6180.00,257104.00,263284.00,257104,6180,90.00,100.00,190.00,100,90,0.00,0.00,0,0
1520565250,s1-eth1,243742.00,6180.00,249922.00,6180,243742,95.00,90.00,185.00,90,95,0.00,0.00,0,0
1520565250,lo,0.00,0.00,0.00,0,0,0.00,0.00,0.00,0,0,0.00,0.00,0,0
1520565250,total,249922.00,263344.00,513266.00,263344,249922,185.00,191.00,376.00,191,185,0.00,0.00,0,0
1520565251,s1,0.00,0.00,0.00,0,0,0.00,0.00,0.00,0,0,0.00,0.00,0,0
1520565251,eth0,0.00,146.00,146.00,146,0,0.00,2.00,2.00,2,0,0.00,0.00,0,0
1520565251,eth1,0.00,86.00,86.00,86,0,0.00,1.00,1.00,1,0,0.00,0.00,0,0
1520565251,s1-eth2,5250.00,247492.00,252742.00,247492,5250,79.00,86.00,165.00,86,79,0.00,0.00,0,0
1520565251,s1-eth1,245846.00,5328.00,251174.00,5328,245846,83.00,80.00,163.00,80,83,0.00,0.00,0,0
1520565251,lo,172.00,172.00,344.00,172,172,3.00,3.00,6.00,3,3,0.00,0.00,0,0
1520565251,total,251268.00,253224.00,504492.00,253224,251268,165.00,172.00,337.00,172,165,0.00,0.00,0,0
1520565252,s1,0.00,0.00,0.00,0,0,0.00,0.00,0.00,0,0,0.00,0.00,0,0
1520565252,eth0,0.00,60.00,60.00,60,0,0.00,1.00,1.00,1,0,0.00,0.00,0,0
1520565252,eth1,0.00,0.00,0.00,0,0,0.00,0.00,0.00,0,0,0.00,0.00,0,0
1520565252,s1-eth2,6468.00,252562.00,259030.00,252562,6468,94.00,97.00,191.00,97,94,0.00,0.00,0,0
1520565252,s1-eth1,246704.00,6390.00,253094.00,6390,246704,96.00,93.00,189.00,93,96,0.00,0.00,0,0
1520565252,lo,0.00,0.00,0.00,0,0,0.00,0.00,0.00,0,0,0.00,0.00,0,0
1520565252,total,253172.00,259012.00,512184.00,259012,253172,190.00,191.00,381.00,191,190,0.00,0.00,0,0
1520565253,s1,0.00,0.00,0.00,0,0,0.00,0.00,0.00,0,0,0.00,0.00,0,0
1520565253,eth0,0.00,60.00,60.00,60,0,0.00,1.00,1.00,1,0,0.00,0.00,0,0
1520565253,eth1,0.00,0.00,0.00,0,0,0.00,0.00,0.00,0,0,0.00,0.00,0,0
1520565253,s1-eth2,6476.00,254670.00,261146.00,254670,6476,94.00,107.00,201.00,107,94,0.00,0.00,0,0
1520565253,s1-eth1,239728.00,6476.00,246204.00,6476,239728,100.00,94.00,194.00,94,100,0.00,0.00,0,0
1520565253,lo,0.00,0.00,0.00,0,0,0.00,0.00,0.00,0,0,0.00,0.00,0,0
1520565253,total,246204.00,261206.00,507410.00,261206,246204,194.00,202.00,396.00,202,194,0.00,0.00,0,0
1520565254,s1,0.00,0.00,0.00,0,0,0.00,0.00,0.00,0,0,0.00,0.00,0,0
1520565254,eth0,0.00,60.00,60.00,60,0,0.00,1.00,1.00,1,0,0.00,0.00,0,0
1520565254,eth1,0.00,0.00,0.00,0,0,0.00,0.00,0.00,0,0,0.00,0.00,0,0
1520565254,s1-eth2,6404.00,248482.00,254886.00,248482,6404,94.00,101.00,195.00,101,94,0.00,0.00,0,0
1520565254,s1-eth1,236568.00,6404.00,242972.00,6404,236568,96.00,94.00,190.00,94,96,0.00,0.00,0,0
1520565254,lo,0.00,0.00,0.00,0,0,0.00,0.00,0.00,0,0,0.00,0.00,0,0
1520565254,total,242972.00,254946.00,497918.00,254946,242972,190.00,196.00,386.00,196,190,0.00,0.00,0,0
1520565255,s1,0.00,0.00,0.00,0,0,0.00,0.00,0.00,0,0,0.00,0.00,0,0
1520565255,eth0,0.00,59.94,59.94,60,0,0.00,1.00,1.00,1,0,0.00,0.00,0,0
1520565255,eth1,0.00,0.00,0.00,0,0,0.00,0.00,0.00,0,0,0.00,0.00,0,0
1520565255,s1-eth2,5892.11,249152.86,255044.97,249402,5898,86.91,92.91,179.82,93,87,0.00,0.00,0,0
1520565255,s1-eth1,243102.91,5892.11,248995.02,5898,243346,88.91,86.91,175.82,87,89,0.00,0.00,0,0
1520565255,lo,0.00,0.00,0.00,0,0,0.00,0.00,0.00,0,0,0.00,0.00,0,0
1520565255,total,248995.02,255104.91,504099.91,255360,249244,175.82,180.82,356.64,181,176,0.00,0.00,0,0
1520565256,s1,0.00,0.00,0.00,0,0,0.00,0.00,0.00,0,0,0.00,0.00,0,0
1520565256,eth0,0.00,0.00,0.00,0,0,0.00,0.00,0.00,0,0,0.00,0.00,0,0
1520565256,eth1,0.00,0.00,0.00,0,0,0.00,0.00,0.00,0,0,0.00,0.00,0,0
1520565256,s1-eth2,6534.00,256840.00,263374.00,256840,6534,93.00,96.00,189.00,96,93,0.00,0.00,0,0
1520565256,s1-eth1,246914.00,6192.00,253106.00,6192,246914,95.00,92.00,187.00,92,95,0.00,0.00,0,0
1520565256,lo,172.00,172.00,344.00,172,172,3.00,3.00,6.00,3,3,0.00,0.00,0,0
1520565256,total,253620.00,263204.00,516824.00,263204,253620,191.00,191.00,382.00,191,191,0.00,0.00,0,0
1520565257,s1,0.00,0.00,0.00,0,0,0.00,0.00,0.00,0,0,0.00,0.00,0,0
1520565257,eth0,0.00,60.00,60.00,60,0,0.00,1.00,1.00,1,0,0.00,0.00,0,0
1520565257,eth1,0.00,0.00,0.00,0,0,0.00,0.00,0.00,0,0,0.00,0.00,0,0
1520565257,s1-eth2,5820.00,256708.00,262528.00,256708,5820,86.00,94.00,180.00,94,86,0.00,0.00,0,0
1520565257,s1-eth1,243280.00,5820.00,249100.00,5820,243280,88.00,86.00,174.00,86,88,0.00,0.00,0,0
1520565257,lo,0.00,0.00,0.00,0,0,0.00,0.00,0.00,0,0,0.00,0.00,0,0
1520565257,total,249100.00,262588.00,511688.00,262588,249100,174.00,181.00,355.00,181,174,0.00,0.00,0,0
1520565258,s1,0.00,0.00,0.00,0,0,0.00,0.00,0.00,0,0,0.00,0.00,0,0
1520565258,eth0,0.00,60.00,60.00,60,0,0.00,1.00,1.00,1,0,0.00,0.00,0,0
1520565258,eth1,0.00,0.00,0.00,0,0,0.00,0.00,0.00,0,0,0.00,0.00,0,0
1520565258,s1-eth2,5550.00,249072.00,254622.00,249072,5550,83.00,88.00,171.00,88,83,0.00,0.00,0,0
1520565258,s1-eth1,246176.00,5550.00,251726.00,5550,246176,88.00,83.00,171.00,83,88,0.00,0.00,0,0
1520565258,lo,0.00,0.00,0.00,0,0,0.00,0.00,0.00,0,0,0.00,0.00,0,0
1520565258,total,251726.00,254682.00,506408.00,254682,251726,171.00,172.00,343.00,172,171,0.00,0.00,0,0
1520565259,s1,0.00,0.00,0.00,0,0,0.00,0.00,0.00,0,0,0.00,0.00,0,0
1520565259,eth0,0.00,60.00,60.00,60,0,0.00,1.00,1.00,1,0,0.00,0.00,0,0
1520565259,eth1,0.00,0.00,0.00,0,0,0.00,0.00,0.00,0,0,0.00,0.00,0,0
1520565259,s1-eth2,5748.00,252034.00,257782.00,252034,5748,86.00,89.00,175.00,89,86,0.00,0.00,0,0
1520565259,s1-eth1,246110.00,5748.00,251858.00,5748,246110,87.00,86.00,173.00,86,87,0.00,0.00,0,0
1520565259,lo,0.00,0.00,0.00,0,0,0.00,0.00,0.00,0,0,0.00,0.00,0,0
1520565259,total,251858.00,257842.00,509700.00,257842,251858,173.00,176.00,349.00,176,173,0.00,0.00,0,0
1520565260,s1,0.00,0.00,0.00,0,0,0.00,0.00,0.00,0,0,0.00,0.00,0,0
1520565260,eth0,0.00,0.00,0.00,0,0,0.00,0.00,0.00,0,0,0.00,0.00,0,0
1520565260,eth1,0.00,0.00,0.00,0,0,0.00,0.00,0.00,0,0,0.00,0.00,0,0
1520565260,s1-eth2,5280.00,251770.00,257050.00,251770,5280,80.00,85.00,165.00,85,80,0.00,0.00,0,0
1520565260,s1-eth1,242884.00,5280.00,248164.00,5280,242884,82.00,80.00,162.00,80,82,0.00,0.00,0,0
1520565260,lo,0.00,0.00,0.00,0,0,0.00,0.00,0.00,0,0,0.00,0.00,0,0
1520565260,total,248164.00,257050.00,505214.00,257050,248164,162.00,165.00,327.00,165,162,0.00,0.00,0,0
1520565261,s1,0.00,0.00,0.00,0,0,0.00,0.00,0.00,0,0,0.00,0.00,0,0
1520565261,eth0,0.00,120.00,120.00,120,0,0.00,2.00,2.00,2,0,0.00,0.00,0,0
1520565261,eth1,0.00,0.00,0.00,0,0,0.00,0.00,0.00,0,0,0.00,0.00,0,0
1520565261,s1-eth2,5922.00,249402.00,255324.00,249402,5922,87.00,93.00,180.00,93,87,0.00,0.00,0,0
1520565261,s1-eth1,246440.00,5922.00,252362.00,5922,246440,92.00,87.00,179.00,87,92,0.00,0.00,0,0
1520565261,lo,172.00,172.00,344.00,172,172,3.00,3.00,6.00,3,3,0.00,0.00,0,0
1520565261,total,252534.00,255616.00,508150.00,255616,252534,182.00,185.00,367.00,185,182,0.00,0.00,0,0
1520565262,s1,0.00,0.00,0.00,0,0,0.00,0.00,0.00,0,0,0.00,0.00,0,0
1520565262,eth0,0.00,60.00,60.00,60,0,0.00,1.00,1.00,1,0,0.00,0.00,0,0
1520565262,eth1,0.00,0.00,0.00,0,0,0.00,0.00,0.00,0,0,0.00,0.00,0,0
1520565262,s1-eth2,5838.00,255128.00,260966.00,255128,5838,87.00,92.00,179.00,92,87,0.00,0.00,0,0
1520565262,s1-eth1,243280.00,5838.00,249118.00,5838,243280,88.00,87.00,175.00,87,88,0.00,0.00,0,0
1520565262,lo,0.00,0.00,0.00,0,0,0.00,0.00,0.00,0,0,0.00,0.00,0,0
1520565262,total,249118.00,261026.00,510144.00,261026,249118,175.00,180.00,355.00,180,175,0.00,0.00,0,0
1520565263,s1,0.00,0.00,0.00,0,0,0.00,0.00,0.00,0,0,0.00,0.00,0,0
1520565263,eth0,0.00,60.00,60.00,60,0,0.00,1.00,1.00,1,0,0.00,0.00,0,0
1520565263,eth1,0.00,0.00,0.00,0,0,0.00,0.00,0.00,0,0,0.00,0.00,0,0
1520565263,s1-eth2,4452.00,194572.00,199024.00,194572,4452,66.00,74.00,140.00,74,66,0.00,0.00,0,0
1520565263,s1-eth1,187134.00,4452.00,191586.00,4452,187134,71.00,66.00,137.00,66,71,0.00,0.00,0,0
1520565263,lo,0.00,0.00,0.00,0,0,0.00,0.00,0.00,0,0,0.00,0.00,0,0
1520565263,total,191586.00,199084.00,390670.00,199084,191586,137.00,141.00,278.00,141,137,0.00,0.00,0,0
1520565264,s1,0.00,0.00,0.00,0,0,0.00,0.00,0.00,0,0,0.00,0.00,0,0
1520565264,eth0,0.00,60.00,60.00,60,0,0.00,1.00,1.00,1,0,0.00,0.00,0,0
1520565264,eth1,0.00,0.00,0.00,0,0,0.00,0.00,0.00,0,0,0.00,0.00,0,0
1520565264,s1-eth2,5952.00,258222.00,264174.00,258222,5952,88.00,95.00,183.00,95,88,0.00,0.00,0,0
1520565264,s1-eth1,243412.00,5952.00,249364.00,5952,243412,90.00,88.00,178.00,88,90,0.00,0.00,0,0
1520565264,lo,0.00,0.00,0.00,0,0,0.00,0.00,0.00,0,0,0.00,0.00,0,0
1520565264,total,249364.00,264234.00,513598.00,264234,249364,178.00,184.00,362.00,184,178,0.00,0.00,0,0
1520565265,s1,0.00,0.00,0.00,0,0,0.00,0.00,0.00,0,0,0.00,0.00,0,0
1520565265,eth0,0.00,60.00,60.00,60,0,0.00,1.00,1.00,1,0,0.00,0.00,0,0
1520565265,eth1,0.00,0.00,0.00,0,0,0.00,0.00,0.00,0,0,0.00,0.00,0,0
1520565265,s1-eth2,5994.00,255260.00,261254.00,255260,5994,89.00,94.00,183.00,94,89,0.00,0.00,0,0
1520565265,s1-eth1,246374.00,5994.00,252368.00,5994,246374,91.00,89.00,180.00,89,91,0.00,0.00,0,0
1520565265,lo,0.00,0.00,0.00,0,0,0.00,0.00,0.00,0,0,0.00,0.00,0,0
1520565265,total,252368.00,261314.00,513682.00,261314,252368,180.00,184.00,364.00,184,180,0.00,0.00,0,0
1520565266,s1,0.00,0.00,0.00,0,0,0.00,0.00,0.00,0,0,0.00,0.00,0,0
1520565266,eth0,0.00,60.00,60.00,60,0,0.00,1.00,1.00,1,0,0.00,0.00,0,0
1520565266,eth1,0.00,0.00,0.00,0,0,0.00,0.00,0.00,0,0,0.00,0.00,0,0
1520565266,s1-eth2,5970.00,255062.00,261032.00,255062,5970,85.00,91.00,176.00,91,85,0.00,0.00,0,0
1520565266,s1-eth1,243214.00,5628.00,248842.00,5628,243214,87.00,84.00,171.00,84,87,0.00,0.00,0,0
1520565266,lo,172.00,172.00,344.00,172,172,3.00,3.00,6.00,3,3,0.00,0.00,0,0
1520565266,total,249356.00,260922.00,510278.00,260922,249356,175.00,179.00,354.00,179,175,0.00,0.00,0,0
1520565267,s1,0.00,0.00,0.00,0,0,0.00,0.00,0.00,0,0,0.00,0.00,0,0
1520565267,eth0,0.00,59.94,59.94,60,0,0.00,1.00,1.00,1,0,0.00,0.00,0,0
1520565267,eth1,0.00,0.00,0.00,0,0,0.00,0.00,0.00,0,0,0.00,0.00,0,0
1520565267,s1-eth2,5610.39,248823.19,254433.58,249072,5616,83.92,87.91,171.83,88,84,0.00,0.00,0,0
1520565267,s1-eth1,245864.14,5610.39,251474.53,5616,246110,86.91,83.92,170.83,84,87,0.00,0.00,0,0
1520565267,lo,0.00,0.00,0.00,0,0,0.00,0.00,0.00,0,0,0.00,0.00,0,0
1520565267,total,251474.53,254493.52,505968.03,254748,251726,170.83,172.83,343.66,173,171,0.00,0.00,0,0
1520565268,s1,0.00,0.00,0.00,0,0,0.00,0.00,0.00,0,0,0.00,0.00,0,0
1520565268,eth0,0.00,0.00,0.00,0,0,0.00,0.00,0.00,0,0,0.00,0.00,0,0
1520565268,eth1,0.00,0.00,0.00,0,0,0.00,0.00,0.00,0,0,0.00,0.00,0,0
1520565268,s1-eth2,6264.00,251048.00,257312.00,251048,6264,92.00,96.00,188.00,96,92,0.00,0.00,0,0
1520565268,s1-eth1,246914.00,6264.00,253178.00,6264,246914,95.00,92.00,187.00,92,95,0.00,0.00,0,0
1520565268,lo,0.00,0.00,0.00,0,0,0.00,0.00,0.00,0,0,0.00,0.00,0,0
1520565268,total,253178.00,257312.00,510490.00,257312,253178,187.00,188.00,375.00,188,187,0.00,0.00,0,0
1520565269,s1,0.00,0.00,0.00,0,0,0.00,0.00,0.00,0,0,0.00,0.00,0,0
1520565269,eth0,0.00,60.00,60.00,60,0,0.00,1.00,1.00,1,0,0.00,0.00,0,0
1520565269,eth1,0.00,0.00,0.00,0,0,0.00,0.00,0.00,0,0,0.00,0.00,0,0
1520565269,s1-eth2,7056.00,260660.00,267716.00,260660,7056,102.00,110.00,212.00,110,102,0.00,0.00,0,0
1520565269,s1-eth1,244336.00,7122.00,251458.00,7122,244336,104.00,103.00,207.00,103,104,0.00,0.00,0,0
1520565269,lo,0.00,0.00,0.00,0,0,0.00,0.00,0.00,0,0,0.00,0.00,0,0
1520565269,total,251392.00,267842.00,519234.00,267842,251392,206.00,214.00,420.00,214,206,0.00,0.00,0,0
1520565270,s1,0.00,0.00,0.00,0,0,0.00,0.00,0.00,0,0,0.00,0.00,0,0
1520565270,eth0,0.00,250.00,250.00,250,0,0.00,2.00,2.00,2,0,0.00,0.00,0,0
1520565270,eth1,0.00,0.00,0.00,0,0,0.00,0.00,0.00,0,0,0.00,0.00,0,0
1520565270,s1-eth2,5610.00,253812.00,259422.00,253812,5610,83.00,94.00,177.00,94,83,0.00,0.00,0,0
1520565270,s1-eth1,243412.00,5544.00,248956.00,5544,243412,90.00,82.00,172.00,82,90,0.00,0.00,0,0
1520565270,lo,0.00,0.00,0.00,0,0,0.00,0.00,0.00,0,0,0.00,0.00,0,0
1520565270,total,249022.00,259606.00,508628.00,259606,249022,173.00,178.00,351.00,178,173,0.00,0.00,0,0
1520565271,s1,0.00,0.00,0.00,0,0,0.00,0.00,0.00,0,0,0.00,0.00,0,0
1520565271,eth0,0.00,60.00,60.00,60,0,0.00,1.00,1.00,1,0,0.00,0.00,0,0
1520565271,eth1,0.00,0.00,0.00,0,0,0.00,0.00,0.00,0,0,0.00,0.00,0,0
1520565271,s1-eth2,5550.00,257958.00,263508.00,257958,5550,83.00,91.00,174.00,91,83,0.00,0.00,0,0
1520565271,s1-eth1,243148.00,5550.00,248698.00,5550,243148,86.00,83.00,169.00,83,86,0.00,0.00,0,0
1520565271,lo,172.00,172.00,344.00,172,172,3.00,3.00,6.00,3,3,0.00,0.00,0,0
1520565271,total,248870.00,263740.00,512610.00,263740,248870,172.00,178.00,350.00,178,172,0.00,0.00,0,0
1520565272,s1,0.00,0.00,0.00,0,0,0.00,0.00,0.00,0,0,0.00,0.00,0,0
1520565272,eth0,0.00,0.00,0.00,0,0,0.00,0.00,0.00,0,0,0.00,0.00,0,0
1520565272,eth1,0.00,0.00,0.00,0,0,0.00,0.00,0.00,0,0,0.00,0.00,0,0
1520565272,s1-eth2,5778.00,250850.00,256628.00,250850,5778,85.00,93.00,178.00,93,85,0.00,0.00,0,0
1520565272,s1-eth1,246374.00,5844.00,252218.00,5844,246374,91.00,86.00,177.00,86,91,0.00,0.00,0,0
1520565272,lo,0.00,0.00,0.00,0,0,0.00,0.00,0.00,0,0,0.00,0.00,0,0
1520565272,total,252152.00,256694.00,508846.00,256694,252152,176.00,179.00,355.00,179,176,0.00,0.00,0,0
1520565273,s1,0.00,0.00,0.00,0,0,0.00,0.00,0.00,0,0,0.00,0.00,0,0
1520565273,eth0,0.00,60.00,60.00,60,0,0.00,1.00,1.00,1,0,0.00,0.00,0,0
1520565273,eth1,0.00,0.00,0.00,0,0,0.00,0.00,0.00,0,0,0.00,0.00,0,0
1520565273,s1-eth2,5460.00,251902.00,257362.00,251902,5460,82.00,87.00,169.00,87,82,0.00,0.00,0,0
1520565273,s1-eth1,245978.00,5394.00,251372.00,5394,245978,85.00,81.00,166.00,81,85,0.00,0.00,0,0
1520565273,lo,0.00,0.00,0.00,0,0,0.00,0.00,0.00,0,0,0.00,0.00,0,0
1520565273,total,251438.00,257356.00,508794.00,257356,251438,167.00,169.00,336.00,169,167,0.00,0.00,0,0
1520565274,s1,0.00,0.00,0.00,0,0,0.00,0.00,0.00,0,0,0.00,0.00,0,0
1520565274,eth0,0.00,60.00,60.00,60,0,0.00,1.00,1.00,1,0,0.00,0.00,0,0
1520565274,eth1,0.00,0.00,0.00,0,0,0.00,0.00,0.00,0,0,0.00,0.00,0,0
1520565274,s1-eth2,6210.00,255524.00,261734.00,255524,6210,91.00,98.00,189.00,98,91,0.00,0.00,0,0
1520565274,s1-eth1,243676.00,6210.00,249886.00,6210,243676,94.00,91.00,185.00,91,94,0.00,0.00,0,0
1520565274,lo,0.00,0.00,0.00,0,0,0.00,0.00,0.00,0,0,0.00,0.00,0,0
1520565274,total,249886.00,261794.00,511680.00,261794,249886,185.00,190.00,375.00,190,185,0.00,0.00,0,0
1520565275,s1,0.00,0.00,0.00,0,0,0.00,0.00,0.00,0,0,0.00,0.00,0,0
1520565275,eth0,0.00,60.00,60.00,60,0,0.00,1.00,1.00,1,0,0.00,0.00,0,0
1520565275,eth1,0.00,0.00,0.00,0,0,0.00,0.00,0.00,0,0,0.00,0.00,0,0
1520565275,s1-eth2,5784.00,255128.00,260912.00,255128,5784,86.00,92.00,178.00,92,86,0.00,0.00,0,0
1520565275,s1-eth1,246242.00,5784.00,252026.00,5784,246242,89.00,86.00,175.00,86,89,0.00,0.00,0,0
1520565275,lo,0.00,0.00,0.00,0,0,0.00,0.00,0.00,0,0,0.00,0.00,0,0
1520565275,total,252026.00,260972.00,512998.00,260972,252026,175.00,179.00,354.00,179,175,0.00,0.00,0,0
1520565276,s1,0.00,0.00,0.00,0,0,0.00,0.00,0.00,0,0,0.00,0.00,0,0
1520565276,eth0,0.00,60.00,60.00,60,0,0.00,1.00,1.00,1,0,0.00,0.00,0,0
1520565276,eth1,0.00,0.00,0.00,0,0,0.00,0.00,0.00,0,0,0.00,0.00,0,0
1520565276,s1-eth2,5676.00,258222.00,263898.00,258222,5676,84.00,95.00,179.00,95,84,0.00,0.00,0,0
1520565276,s1-eth1,243412.00,5676.00,249088.00,5676,243412,90.00,84.00,174.00,84,90,0.00,0.00,0,0
1520565276,lo,172.00,172.00,344.00,172,172,3.00,3.00,6.00,3,3,0.00,0.00,0,0
1520565276,total,249260.00,264130.00,513390.00,264130,249260,177.00,183.00,360.00,183,177,0.00,0.00,0,0
1520565277,s1,0.00,0.00,0.00,0,0,0.00,0.00,0.00,0,0,0.00,0.00,0,0
1520565277,eth0,0.00,59.94,59.94,60,0,0.00,1.00,1.00,1,0,0.00,0.00,0,0
1520565277,eth1,0.00,0.00,0.00,0,0,0.00,0.00,0.00,0,0,0.00,0.00,0,0
1520565277,s1-eth2,5958.04,252111.89,258069.94,252364,5964,87.91,93.91,181.82,94,88,0.00,0.00,0,0
1520565277,s1-eth1,246127.88,6023.98,252151.86,6030,246374,90.91,88.91,179.82,89,91,0.00,0.00,0,0
1520565277,lo,0.00,0.00,0.00,0,0,0.00,0.00,0.00,0,0,0.00,0.00,0,0
1520565277,total,252085.92,258195.81,510281.72,258454,252338,178.82,183.82,362.64,184,179,0.00,0.00,0,0
1520565278,s1,0.00,0.00,0.00,0,0,0.00,0.00,0.00,0,0,0.00,0.00,0,0
1520565278,eth0,0.00,60.00,60.00,60,0,0.00,1.00,1.00,1,0,0.00,0.00,0,0
1520565278,eth1,0.00,0.00,0.00,0,0,0.00,0.00,0.00,0,0,0.00,0.00,0,0
1520565278,s1-eth2,5646.00,254864.00,260510.00,254864,5646,85.00,88.00,173.00,88,85,0.00,0.00,0,0
1520565278,s1-eth1,246044.00,5580.00,251624.00,5580,246044,86.00,84.00,170.00,84,86,0.00,0.00,0,0
1520565278,lo,0.00,0.00,0.00,0,0,0.00,0.00,0.00,0,0,0.00,0.00,0,0
1520565278,total,251690.00,260504.00,512194.00,260504,251690,171.00,173.00,344.00,173,171,0.00,0.00,0,0
1520565279,s1,0.00,0.00,0.00,0,0,0.00,0.00,0.00,0,0,0.00,0.00,0,0
1520565279,eth0,0.00,0.00,0.00,0,0,0.00,0.00,0.00,0,0,0.00,0.00,0,0
1520565279,eth1,0.00,0.00,0.00,0,0,0.00,0.00,0.00,0,0,0.00,0.00,0,0
1520565279,s1-eth2,5418.00,255062.00,260480.00,255062,5418,81.00,91.00,172.00,91,81,0.00,0.00,0,0
1520565279,s1-eth1,243214.00,5418.00,248632.00,5418,243214,87.00,81.00,168.00,81,87,0.00,0.00,0,0
1520565279,lo,0.00,0.00,0.00,0,0,0.00,0.00,0.00,0,0,0.00,0.00,0,0
1520565279,total,248632.00,260480.00,509112.00,260480,248632,168.00,172.00,340.00,172,168,0.00,0.00,0,0
1520565280,s1,0.00,0.00,0.00,0,0,0.00,0.00,0.00,0,0,0.00,0.00,0,0
1520565280,eth0,0.00,60.00,60.00,60,0,0.00,1.00,1.00,1,0,0.00,0.00,0,0
1520565280,eth1,0.00,0.00,0.00,0,0,0.00,0.00,0.00,0,0,0.00,0.00,0,0
1520565280,s1-eth2,5960.00,249444.00,255404.00,249444,5960,88.00,94.00,182.00,94,88,0.00,0.00,0,0
1520565280,s1-eth1,246416.00,5960.00,252376.00,5960,246416,92.00,88.00,180.00,88,92,0.00,0.00,0,0
1520565280,lo,296.00,296.00,592.00,296,296,3.00,3.00,6.00,3,3,0.00,0.00,0,0
1520565280,total,252672.00,255760.00,508432.00,255760,252672,183.00,186.00,369.00,186,183,0.00,0.00,0,0
1520565281,s1,0.00,0.00,0.00,0,0,0.00,0.00,0.00,0,0,0.00,0.00,0,0
1520565281,eth0,0.00,146.00,146.00,146,0,0.00,2.00,2.00,2,0,0.00,0.00,0,0
1520565281,eth1,0.00,86.00,86.00,86,0,0.00,1.00,1.00,1,0,0.00,0.00,0,0
1520565281,s1-eth2,5988.00,256840.00,262828.00,256840,5988,88.00,96.00,184.00,96,88,0.00,0.00,0,0
1520565281,s1-eth1,243478.00,5988.00,249466.00,5988,243478,91.00,88.00,179.00,88,91,0.00,0.00,0,0
1520565281,lo,0.00,0.00,0.00,0,0,0.00,0.00,0.00,0,0,0.00,0.00,0,0
1520565281,total,249466.00,263060.00,512526.00,263060,249466,179.00,187.00,366.00,187,179,0.00,0.00,0,0
1520565282,s1,0.00,0.00,0.00,0,0,0.00,0.00,0.00,0,0,0.00,0.00,0,0
1520565282,eth0,0.00,60.00,60.00,60,0,0.00,1.00,1.00,1,0,0.00,0.00,0,0
1520565282,eth1,0.00,0.00,0.00,0,0,0.00,0.00,0.00,0,0,0.00,0.00,0,0
1520565282,s1-eth2,6300.00,251246.00,257546.00,251246,6300,92.00,99.00,191.00,99,92,0.00,0.00,0,0
1520565282,s1-eth1,246770.00,6300.00,253070.00,6300,246770,97.00,92.00,189.00,92,97,0.00,0.00,0,0
1520565282,lo,0.00,0.00,0.00,0,0,0.00,0.00,0.00,0,0,0.00,0.00,0,0
1520565282,total,253070.00,257606.00,510676.00,257606,253070,189.00,192.00,381.00,192,189,0.00,0.00,0,0
1520565283,s1,0.00,0.00,0.00,0,0,0.00,0.00,0.00,0,0,0.00,0.00,0,0
1520565283,eth0,0.00,60.00,60.00,60,0,0.00,1.00,1.00,1,0,0.00,0.00,0,0
1520565283,eth1,0.00,0.00,0.00,0,0,0.00,0.00,0.00,0,0,0.00,0.00,0,0
1520565283,s1-eth2,5904.00,258090.00,263994.00,258090,5904,88.00,93.00,181.00,93,88,0.00,0.00,0,0
1520565283,s1-eth1,246242.00,5904.00,252146.00,5904,246242,89.00,88.00,177.00,88,89,0.00,0.00,0,0
1520565283,lo,0.00,0.00,0.00,0,0,0.00,0.00,0.00,0,0,0.00,0.00,0,0
1520565283,total,252146.00,264054.00,516200.00,264054,252146,177.00,182.00,359.00,182,177,0.00,0.00,0,0
1520565284,s1,0.00,0.00,0.00,0,0,0.00,0.00,0.00,0,0,0.00,0.00,0,0
1520565284,eth0,459.54,677.32,1136.86,678,460,5.00,5.00,9.99,5,5,0.00,0.00,0,0
1520565284,eth1,0.00,0.00,0.00,0,0,0.00,0.00,0.00,0,0,0.00,0.00,0,0
1520565284,s1-eth2,7078.92,255598.41,262677.34,255854,7086,98.90,102.90,201.80,103,99,0.00,0.00,0,0
1520565284,s1-eth1,244271.73,6635.36,250907.09,6642,244516,101.90,96.90,198.80,97,102,0.00,0.00,0,0
1520565284,lo,681.32,681.32,1362.64,682,682,7.99,7.99,15.98,8,8,0.00,0.00,0,0
1520565284,total,252491.52,263592.41,516083.94,263856,252744,213.79,212.79,426.57,213,214,0.00,0.00,0,0
1520565285,s1,0.00,0.00,0.00,0,0,0.00,0.00,0.00,0,0,0.00,0.00,0,0
1520565285,eth0,576.00,630.00,1206.00,630,576,6.00,5.00,11.00,5,6,0.00,0.00,0,0
1520565285,eth1,0.00,0.00,0.00,0,0,0.00,0.00,0.00,0,0,0.00,0.00,0,0
1520565285,s1-eth2,5596.00,254732.00,260328.00,254732,5596,84.00,86.00,170.00,86,84,0.00,0.00,0,0
1520565285,s1-eth1,245936.00,5280.00,251216.00,5280,245936,84.00,80.00,164.00,80,84,0.00,0.00,0,0
1520565285,lo,978.00,978.00,1956.00,978,978,13.00,13.00,26.00,13,13,0.00,0.00,0,0
1520565285,total,253086.00,261620.00,514706.00,261620,253086,187.00,184.00,371.00,184,187,0.00,0.00,0,0
1520565286,s1,0.00,0.00,0.00,0,0,0.00,0.00,0.00,0,0,0.00,0.00,0,0
1520565286,eth0,192.00,345.00,537.00,345,192,2.00,3.00,5.00,3,2,0.00,0.00,0,0
1520565286,eth1,0.00,0.00,0.00,0,0,0.00,0.00,0.00,0,0,0.00,0.00,0,0
1520565286,s1-eth2,6198.00,249468.00,255666.00,249468,6198,91.00,94.00,185.00,94,91,0.00,0.00,0,0
1520565286,s1-eth1,243794.00,6108.00,249902.00,6108,243794,95.00,90.00,185.00,90,95,0.00,0.00,0,0
1520565286,lo,341.00,341.00,682.00,341,341,4.00,4.00,8.00,4,4,0.00,0.00,0,0
1520565286,total,250525.00,256262.00,506787.00,256262,250525,192.00,191.00,383.00,191,192,0.00,0.00,0,0
1520565287,s1,0.00,0.00,0.00,0,0,0.00,0.00,0.00,0,0,0.00,0.00,0,0
1520565287,eth0,0.00,345.00,345.00,345,0,0.00,3.00,3.00,3,0,0.00,0.00,0,0
1520565287,eth1,0.00,0.00,0.00,0,0,0.00,0.00,0.00,0,0,0.00,0.00,0,0
1520565287,s1-eth2,6204.00,252298.00,258502.00,252298,6204,88.00,93.00,181.00,93,88,0.00,0.00,0,0
1520565287,s1-eth1,246716.00,5862.00,252578.00,5862,246716,92.00,87.00,179.00,87,92,0.00,0.00,0,0
1520565287,lo,217.00,217.00,434.00,217,217,2.00,2.00,4.00,2,2,0.00,0.00,0,0
1520565287,total,253137.00,258722.00,511859.00,258722,253137,182.00,185.00,367.00,185,182,0.00,0.00,0,0
1520565288,s1,0.00,0.00,0.00,0,0,0.00,0.00,0.00,0,0,0.00,0.00,0,0
1520565288,eth0,0.00,60.00,60.00,60,0,0.00,1.00,1.00,1,0,0.00,0.00,0,0
1520565288,eth1,0.00,0.00,0.00,0,0,0.00,0.00,0.00,0,0,0.00,0.00,0,0
1520565288,s1-eth2,5802.00,252034.00,257836.00,252034,5802,87.00,89.00,176.00,89,87,0.00,0.00,0,0
1520565288,s1-eth1,243148.00,5802.00,248950.00,5802,243148,86.00,87.00,173.00,87,86,0.00,0.00,0,0
1520565288,lo,0.00,0.00,0.00,0,0,0.00,0.00,0.00,0,0,0.00,0.00,0,0
1520565288,total,248950.00,257896.00,506846.00,257896,248950,173.00,177.00,350.00,177,173,0.00,0.00,0,0
1520565289,s1,0.00,0.00,0.00,0,0,0.00,0.00,0.00,0,0,0.00,0.00,0,0
1520565289,eth0,146.00,198.00,344.00,198,146,2.00,3.00,5.00,3,2,0.00,0.00,0,0
1520565289,eth1,0.00,0.00,0.00,0,0,0.00,0.00,0.00,0,0,0.00,0.00,0,0
1520565289,s1-eth2,5674.00,249072.00,254746.00,249072,5674,85.00,88.00,173.00,88,85,0.00,0.00,0,0
1520565289,s1-eth1,246110.00,5604.00,251714.00,5604,246110,87.00,84.00,171.00,84,87,0.00,0.00,0,0
1520565289,lo,0.00,0.00,0.00,0,0,0.00,0.00,0.00,0,0,0.00,0.00,0,0
1520565289,total,251930.00,254874.00,506804.00,254874,251930,174.00,175.00,349.00,175,174,0.00,0.00,0,0
1520565290,s1,0.00,0.00,0.00,0,0,0.00,0.00,0.00,0,0,0.00,0.00,0,0
1520565290,eth0,0.00,60.00,60.00,60,0,0.00,1.00,1.00,1,0,0.00,0.00,0,0
1520565290,eth1,0.00,0.00,0.00,0,0,0.00,0.00,0.00,0,0,0.00,0.00,0,0
1520565290,s1-eth2,5616.00,249006.00,254622.00,249006,5616,84.00,87.00,171.00,87,84,0.00,0.00,0,0
1520565290,s1-eth1,243494.00,5616.00,249110.00,5616,243494,87.00,84.00,171.00,84,87,0.00,0.00,0,0
1520565290,lo,172.00,172.00,344.00,172,172,3.00,3.00,6.00,3,3,0.00,0.00,0,0
1520565290,total,249282.00,254854.00,504136.00,254854,249282,174.00,175.00,349.00,175,174,0.00,0.00,0,0
1520565291,s1,0.00,0.00,0.00,0,0,0.00,0.00,0.00,0,0,0.00,0.00,0,0
1520565291,eth0,0.00,60.00,60.00,60,0,0.00,1.00,1.00,1,0,0.00,0.00,0,0
1520565291,eth1,0.00,0.00,0.00,0,0,0.00,0.00,0.00,0,0,0.00,0.00,0,0
1520565291,s1-eth2,5610.00,249204.00,254814.00,249204,5610,83.00,90.00,173.00,90,83,0.00,0.00,0,0
1520565291,s1-eth1,246242.00,5610.00,251852.00,5610,246242,89.00,83.00,172.00,83,89,0.00,0.00,0,0
1520565291,lo,0.00,0.00,0.00,0,0,0.00,0.00,0.00,0,0,0.00,0.00,0,0
1520565291,total,251600.41,254619.39,506219.78,254874,251852,171.83,173.83,345.65,174,172,0.00,0.00,0,0
1520565292,s1,0.00,0.00,0.00,0,0,0.00,0.00,0.00,0,0,0.00,0.00,0,0
1520565292,eth0,0.00,59.88,59.88,60,0,0.00,1.00,1.00,1,0,0.00,0.00,0,0
1520565292,eth1,0.00,0.00,0.00,0,0,0.00,0.00,0.00,0,0,0.00,0.00,0,0
1520565292,s1-eth2,5802.40,248640.72,254443.12,249138,5814,86.83,88.82,175.65,89,87,0.00,0.00,0,0
1520565292,s1-eth1,245684.64,5802.40,251487.03,5814,246176,87.82,86.83,174.65,87,88,0.00,0.00,0,0
1520565292,lo,0.00,0.00,0.00,0,0,0.00,0.00,0.00,0,0,0.00,0.00,0,0
1520565292,total,251738.27,254757.25,506495.53,255012,251990,174.83,176.82,351.65,177,175,0.00,0.00,0,0
1520565293,s1,0.00,0.00,0.00,0,0,0.00,0.00,0.00,0,0,0.00,0.00,0,0
1520565293,eth0,0.00,59.94,59.94,60,0,0.00,1.00,1.00,1,0,0.00,0.00,0,0
1520565293,eth1,0.00,0.00,0.00,0,0,0.00,0.00,0.00,0,0,0.00,0.00,0,0
1520565293,s1-eth2,5752.25,251518.48,257270.73,251770,5758,82.92,84.92,167.83,85,83,0.00,0.00,0,0
1520565293,s1-eth1,242641.36,5340.66,247982.03,5346,242884,81.92,80.92,162.84,81,82,0.00,0.00,0,0
1520565293,lo,0.00,0.00,0.00,0,0,0.00,0.00,0.00,0,0,0.00,0.00,0,0
1520565293,total,248393.61,256919.09,505312.69,257176,248642,164.84,166.83,331.67,167,165,0.00,0.00,0,0
1520565294,s1,0.00,0.00,0.00,0,0,0.00,0.00,0.00,0,0,0.00,0.00,0,0
1520565294,eth0,0.00,60.00,60.00,60,0,0.00,1.00,1.00,1,0,0.00,0.00,0,0
1520565294,eth1,0.00,0.00,0.00,0,0,0.00,0.00,0.00,0,0,0.00,0.00,0,0
1520565294,s1-eth2,6198.00,248482.00,254680.00,248482,6198,89.00,101.00,190.00,101,89,0.00,0.00,0,0
1520565294,s1-eth1,245392.00,6198.00,251590.00,6198,245392,98.00,89.00,187.00,89,98,0.00,0.00,0,0
1520565294,lo,0.00,0.00,0.00,0,0,0.00,0.00,0.00,0,0,0.00,0.00,0,0
1520565294,total,251590.00,254740.00,506330.00,254740,251590,187.00,191.00,378.00,191,187,0.00,0.00,0,0
1520565295,s1,0.00,0.00,0.00,0,0,0.00,0.00,0.00,0,0,0.00,0.00,0,0
1520565295,eth0,0.00,0.00,0.00,0,0,0.00,0.00,0.00,0,0,0.00,0.00,0,0
1520565295,eth1,0.00,0.00,0.00,0,0,0.00,0.00,0.00,0,0,0.00,0.00,0,0
1520565295,s1-eth2,6270.00,243676.00,249946.00,243676,6270,93.00,94.00,187.00,94,93,0.00,0.00,0,0
1520565295,s1-eth1,239332.00,6270.00,245602.00,6270,239332,94.00,93.00,187.00,93,94,0.00,0.00,0,0
1520565295,lo,172.00,172.00,344.00,172,172,3.00,3.00,6.00,3,3,0.00,0.00,0,0
1520565295,total,245774.00,250118.00,495892.00,250118,245774,190.00,190.00,380.00,190,190,0.00,0.00,0,0
1520565296,s1,0.00,0.00,0.00,0,0,0.00,0.00,0.00,0,0,0.00,0.00,0,0
1520565296,eth0,0.00,60.00,60.00,60,0,0.00,1.00,1.00,1,0,0.00,0.00,0,0
1520565296,eth1,0.00,0.00,0.00,0,0,0.00,0.00,0.00,0,0,0.00,0.00,0,0
1520565296,s1-eth2,5760.00,255062.00,260822.00,255062,5760,86.00,91.00,177.00,91,86,0.00,0.00,0,0
1520565296,s1-eth1,246518.00,5760.00,252278.00,5760,246518,89.00,86.00,175.00,86,89,0.00,0.00,0,0
1520565296,lo,0.00,0.00,0.00,0,0,0.00,0.00,0.00,0,0,0.00,0.00,0,0
1520565296,total,252278.00,260882.00,513160.00,260882,252278,175.00,178.00,353.00,178,175,0.00,0.00,0,0
1520565297,s1,0.00,0.00,0.00,0,0,0.00,0.00,0.00,0,0,0.00,0.00,0,0
1520565297,eth0,0.00,59.94,59.94,60,0,0.00,1.00,1.00,1,0,0.00,0.00,0,0
1520565297,eth1,0.00,0.00,0.00,0,0,0.00,0.00,0.00,0,0,0.00,0.00,0,0
1520565297,s1-eth2,5586.41,248691.31,254277.73,248940,5592,83.92,85.91,169.83,86,84,0.00,0.00,0,0
1520565297,s1-eth1,242773.23,5586.41,248359.64,5592,243016,83.92,83.92,167.83,84,84,0.00,0.00,0,0
1520565297,lo,0.00,0.00,0.00,0,0,0.00,0.00,0.00,0,0,0.00,0.00,0,0
1520565297,total,248359.64,254337.67,502697.31,254592,248608,167.83,170.83,338.66,171,168,0.00,0.00,0,0
1520565298,s1,0.00,0.00,0.00,0,0,0.00,0.00,0.00,0,0,0.00,0.00,0,0
1520565298,eth0,0.00,60.00,60.00,60,0,0.00,1.00,1.00,1,0,0.00,0.00,0,0
1520565298,eth1,0.00,0.00,0.00,0,0,0.00,0.00,0.00,0,0,0.00,0.00,0,0
1520565298,s1-eth2,2442.00,95852.00,98294.00,95852,2442,37.00,34.00,71.00,34,37,0.00,0.00,0,0
1520565298,s1-eth1,107700.00,2442.00,110142.00,2442,107700,38.00,37.00,75.00,37,38,0.00,0.00,0,0
1520565298,lo,0.00,0.00,0.00,0,0,0.00,0.00,0.00,0,0,0.00,0.00,0,0
1520565298,total,110142.00,98354.00,208496.00,98354,110142,75.00,72.00,147.00,72,75,0.00,0.00,0,0
1520565299,s1,0.00,0.00,0.00,0,0,0.00,0.00,0.00,0,0,0.00,0.00,0,0
1520565299,eth0,0.00,60.00,60.00,60,0,0.00,1.00,1.00,1,0,0.00,0.00,0,0
1520565299,eth1,0.00,0.00,0.00,0,0,0.00,0.00,0.00,0,0,0.00,0.00,0,0
1520565299,s1-eth2,0.00,0.00,0.00,0,0,0.00,0.00,0.00,0,0,0.00,0.00,0,0
1520565299,s1-eth1,0.00,0.00,0.00,0,0,0.00,0.00,0.00,0,0,0.00,0.00,0,0
1520565299,lo,0.00,0.00,0.00,0,0,0.00,0.00,0.00,0,0,0.00,0.00,0,0
1520565299,total,0.00,60.00,60.00,60,0,0.00,1.00,1.00,1,0,0.00,0.00,0,0
1520565300,s1,0.00,0.00,0.00,0,0,0.00,0.00,0.00,0,0,0.00,0.00,0,0
1520565300,eth0,0.00,60.00,60.00,60,0,0.00,1.00,1.00,1,0,0.00,0.00,0,0
1520565300,eth1,0.00,0.00,0.00,0,0,0.00,0.00,0.00,0,0,0.00,0.00,0,0
1520565300,s1-eth2,342.00,0.00,342.00,0,342,1.00,0.00,1.00,0,1,0.00,0.00,0,0
1520565300,s1-eth1,0.00,0.00,0.00,0,0,0.00,0.00,0.00,0,0,0.00,0.00,0,0
1520565300,lo,172.00,172.00,344.00,172,172,3.00,3.00,6.00,3,3,0.00,0.00,0,0
1520565300,total,514.00,232.00,746.00,232,514,4.00,4.00,8.00,4,4,0.00,0.00,0,0
1520565301,s1,0.00,0.00,0.00,0,0,0.00,0.00,0.00,0,0,0.00,0.00,0,0
1520565301,eth0,0.00,60.00,60.00,60,0,0.00,1.00,1.00,1,0,0.00,0.00,0,0
1520565301,eth1,0.00,0.00,0.00,0,0,0.00,0.00,0.00,0,0,0.00,0.00,0,0
1520565301,s1-eth2,0.00,0.00,0.00,0,0,0.00,