1520222467,s1,0.00,0.00,0.00,0,0,0.00,0.00,0.00,0,0,0.00,0.00,0,0
1520222467,eth0,0.00,0.00,0.00,0,0,0.00,0.00,0.00,0,0,0.00,0.00,0,0
1520222467,eth1,0.00,0.00,0.00,0,0,0.00,0.00,0.00,0,0,0.00,0.00,0,0
1520222467,s2,0.00,0.00,0.00,0,0,0.00,0.00,0.00,0,0,0.00,0.00,0,0
1520222467,s1-eth2,0.00,0.00,0.00,0,0,0.00,0.00,0.00,0,0,0.00,0.00,0,0
1520222467,s1-eth1,0.00,0.00,0.00,0,0,0.00,0.00,0.00,0,0,0.00,0.00,0,0
1520222467,s3,0.00,0.00,0.00,0,0,0.00,0.00,0.00,0,0,0.00,0.00,0,0
1520222467,s2-eth2,0.00,0.00,0.00,0,0,0.00,0.00,0.00,0,0,0.00,0.00,0,0
1520222467,s2-eth1,0.00,0.00,0.00,0,0,0.00,0.00,0.00,0,0,0.00,0.00,0,0
1520222467,lo,0.00,0.00,0.00,0,0,0.00,0.00,0.00,0,0,0.00,0.00,0,0
1520222467,s3-eth2,0.00,0.00,0.00,0,0,0.00,0.00,0.00,0,0,0.00,0.00,0,0
1520222467,s3-eth1,0.00,0.00,0.00,0,0,0.00,0.00,0.00,0,0,0.00,0.00,0,0
1520222467,total,0.00,0.00,0.00,0,0,0.00,0.00,0.00,0,0,0.00,0.00,0,0
1520222468,s1,0.00,180.00,180.00,180,0,0.00,2.00,2.00,2,0,0.00,0.00,0,0
1520222468,eth0,152.00,245.00,397.00,245,152,2.00,2.00,4.00,2,2,0.00,0.00,0,0
1520222468,eth1,0.00,0.00,0.00,0,0,0.00,0.00,0.00,0,0,0.00,0.00,0,0
1520222468,s2,250.00,90.00,340.00,90,250,3.00,1.00,4.00,1,3,0.00,0.00,0,0
1520222468,s1-eth2,522.00,90.00,612.00,90,522,3.00,1.00,4.00,1,3,0.00,0.00,0,0
1520222468,s1-eth1,522.00,90.00,612.00,90,522,3.00,1.00,4.00,1,3,0.00,0.00,0,0
1520222468,s3,90.00,250.00,340.00,250,90,1.00,3.00,4.00,3,1,0.00,0.00,0,0
1520222468,s2-eth2,682.00,0.00,682.00,0,682,5.00,0.00,5.00,0,5,0.00,0.00,0,0
1520222468,s2-eth1,502.00,90.00,592.00,90,502,3.00,1.00,4.00,1,3,0.00,0.00,0,0
1520222468,lo,3181.00,3181.00,6362.00,3181,3181,34.00,34.00,68.00,34,34,0.00,0.00,0,0
1520222468,s3-eth2,180.00,250.00,430.00,250,180,2.00,3.00,5.00,3,2,0.00,0.00,0,0
1520222468,s3-eth1,772.00,0.00,772.00,0,772,6.00,0.00,6.00,0,6,0.00,0.00,0,0
1520222468,total,6853.00,4466.00,11319.00,4466,6853,62.00,48.00,110.00,48,62,0.00,0.00,0,0
1520222469,s1,0.00,0.00,0.00,0,0,0.00,0.00,0.00,0,0,0.00,0.00,0,0
1520222469,eth0,152.00,245.00,397.00,245,152,2.00,2.00,4.00,2,2,0.00,0.00,0,0
1520222469,eth1,0.00,0.00,0.00,0,0,0.00,0.00,0.00,0,0,0.00,0.00,0,0
1520222469,s2,0.00,0.00,0.00,0,0,0.00,0.00,0.00,0,0,0.00,0.00,0,0
1520222469,s1-eth2,0.00,0.00,0.00,0,0,0.00,0.00,0.00,0,0,0.00,0.00,0,0
1520222469,s1-eth1,0.00,0.00,0.00,0,0,0.00,0.00,0.00,0,0,0.00,0.00,0,0
1520222469,s3,0.00,0.00,0.00,0,0,0.00,0.00,0.00,0,0,0.00,0.00,0,0
1520222469,s2-eth2,0.00,0.00,0.00,0,0,0.00,0.00,0.00,0,0,0.00,0.00,0,0
1520222469,s2-eth1,0.00,0.00,0.00,0,0,0.00,0.00,0.00,0,0,0.00,0.00,0,0
1520222469,lo,341.00,341.00,682.00,341,341,4.00,4.00,8.00,4,4,0.00,0.00,0,0
1520222469,s3-eth2,342.00,0.00,342.00,0,342,1.00,0.00,1.00,0,1,0.00,0.00,0,0
1520222469,s3-eth1,0.00,0.00,0.00,0,0,0.00,0.00,0.00,0,0,0.00,0.00,0,0
1520222469,total,835.00,586.00,1421.00,586,835,7.00,6.00,13.00,6,7,0.00,0.00,0,0
1520222470,s1,0.00,0.00,0.00,0,0,0.00,0.00,0.00,0,0,0.00,0.00,0,0
1520222470,eth0,59.94,59.94,119.88,60,60,1.00,1.00,2.00,1,1,0.00,0.00,0,0
1520222470,eth1,0.00,0.00,0.00,0,0,0.00,0.00,0.00,0,0,0.00,0.00,0,0
1520222470,s2,0.00,0.00,0.00,0,0,0.00,0.00,0.00,0,0,0.00,0.00,0,0
1520222470,s1-eth2,0.00,0.00,0.00,0,0,0.00,0.00,0.00,0,0,0.00,0.00,0,0
1520222470,s1-eth1,0.00,0.00,0.00,0,0,0.00,0.00,0.00,0,0,0.00,0.00,0,0
1520222470,s3,0.00,69.93,69.93,70,0,0.00,1.00,1.00,1,0,0.00,0.00,0,0
1520222470,s2-eth2,0.00,0.00,0.00,0,0,0.00,0.00,0.00,0,0,0.00,0.00,0,0
1520222470,s2-eth1,0.00,0.00,0.00,0,0,0.00,0.00,0.00,0,0,0.00,0.00,0,0
1520222470,lo,267.73,267.73,535.46,268,268,3.00,3.00,5.99,3,3,0.00,0.00,0,0
1520222470,s3-eth2,69.93,0.00,69.93,0,70,1.00,0.00,1.00,0,1,0.00,0.00,0,0
1520222470,s3-eth1,0.00,69.93,69.93,70,0,0.00,1.00,1.00,1,0,0.00,0.00,0,0
1520222470,total,397.60,467.53,865.13,468,398,5.00,5.99,10.99,6,5,0.00,0.00,0,0
1520222471,s1,70.00,140.00,210.00,140,70,1.00,2.00,3.00,2,1,0.00,0.00,0,0
1520222471,eth0,0.00,0.00,0.00,0,0,0.00,0.00,0.00,0,0,0.00,0.00,0,0
1520222471,eth1,0.00,0.00,0.00,0,0,0.00,0.00,0.00,0,0,0.00,0.00,0,0
1520222471,s2,0.00,140.00,140.00,140,0,0.00,2.00,2.00,2,0,0.00,0.00,0,0
1520222471,s1-eth2,252.00,112.00,364.00,112,252,4.00,2.00,6.00,2,4,0.00,0.00,0,0
1520222471,s1-eth1,251.75,111.89,363.64,112,252,4.00,2.00,5.99,2,4,0.00,0.00,0,0
1520222471,s3,69.93,0.00,69.93,0,70,1.00,0.00,1.00,0,1,0.00,0.00,0,0
1520222471,s2-eth2,139.86,69.93,209.79,70,140,2.00,1.00,3.00,1,2,0.00,0.00,0,0
1520222471,s2-eth1,139.86,69.93,209.79,70,140,2.00,1.00,3.00,1,2,0.00,0.00,0,0
1520222471,lo,2197.80,2197.80,4395.60,2200,2200,23.98,23.98,47.95,24,24,0.00,0.00,0,0
1520222471,s3-eth2,139.72,0.00,139.72,0,140,2.00,0.00,2.00,0,2,0.00,0.00,0,0
1520222471,s3-eth1,139.72,0.00,139.72,0,140,2.00,0.00,2.00,0,2,0.00,0.00,0,0
1520222471,total,3397.21,2838.32,6235.53,2844,3404,41.92,33.93,75.85,34,42,0.00,0.00,0,0
1520222472,s1,0.00,0.00,0.00,0,0,0.00,0.00,0.00,0,0,0.00,0.00,0,0
1520222472,eth0,0.00,0.00,0.00,0,0,0.00,0.00,0.00,0,0,0.00,0.00,0,0
1520222472,eth1,0.00,0.00,0.00,0,0,0.00,0.00,0.00,0,0,0.00,0.00,0,0
1520222472,s2,69.72,0.00,69.72,0,70,1.00,0.00,1.00,0,1,0.00,0.00,0,0
1520222472,s1-eth2,0.00,0.00,0.00,0,0,0.00,0.00,0.00,0,0,0.00,0.00,0,0
1520222472,s1-eth1,340.98,0.00,340.98,0,342,1.00,0.00,1.00,0,1,0.00,0.00,0,0
1520222472,s3,0.00,69.79,69.79,70,0,0.00,1.00,1.00,1,0,0.00,0.00,0,0
1520222472,s2-eth2,69.79,0.00,69.79,0,70,1.00,0.00,1.00,0,1,0.00,0.00,0,0
1520222472,s2-eth1,340.98,0.00,340.98,0,342,1.00,0.00,1.00,0,1,0.00,0.00,0,0
1520222472,lo,534.40,534.40,1068.79,536,536,5.98,5.98,11.96,6,6,0.00,0.00,0,0
1520222472,s3-eth2,0.00,69.79,69.79,70,0,0.00,1.00,1.00,1,0,0.00,0.00,0,0
1520222472,s3-eth1,69.79,0.00,69.79,0,70,1.00,0.00,1.00,0,1,0.00,0.00,0,0
1520222472,total,1425.72,673.98,2099.70,676,1430,10.97,7.98,18.94,8,11,0.00,0.00,0,0
1520222473,s1,0.00,0.00,0.00,0,0,0.00,0.00,0.00,0,0,0.00,0.00,0,0
1520222473,eth0,0.00,0.00,0.00,0,0,0.00,0.00,0.00,0,0,0.00,0.00,0,0
1520222473,eth1,0.00,0.00,0.00,0,0,0.00,0.00,0.00,0,0,0.00,0.00,0,0
1520222473,s2,0.00,0.00,0.00,0,0,0.00,0.00,0.00,0,0,0.00,0.00,0,0
1520222473,s1-eth2,0.00,0.00,0.00,0,0,0.00,0.00,0.00,0,0,0.00,0.00,0,0
1520222473,s1-eth1,0.00,0.00,0.00,0,0,0.00,0.00,0.00,0,0,0.00,0.00,0,0
1520222473,s3,0.00,0.00,0.00,0,0,0.00,0.00,0.00,0,0,0.00,0.00,0,0
1520222473,s2-eth2,0.00,0.00,0.00,0,0,0.00,0.00,0.00,0,0,0.00,0.00,0,0
1520222473,s2-eth1,0.00,0.00,0.00,0,0,0.00,0.00,0.00,0,0,0.00,0.00,0,0
1520222473,lo,0.00,0.00,0.00,0,0,0.00,0.00,0.00,0,0,0.00,0.00,0,0
1520222473,s3-eth2,0.00,0.00,0.00,0,0,0.00,0.00,0.00,0,0,0.00,0.00,0,0
1520222473,s3-eth1,0.00,0.00,0.00,0,0,0.00,0.00,0.00,0,0,0.00,0.00,0,0
1520222473,total,0.00,0.00,0.00,0,0,0.00,0.00,0.00,0,0,0.00,0.00,0,0
1520222474,s1,0.00,0.00,0.00,0,0,0.00,0.00,0.00,0,0,0.00,0.00,0,0
1520222474,eth0,0.00,0.00,0.00,0,0,0.00,0.00,0.00,0,0,0.00,0.00,0,0
1520222474,eth1,0.00,0.00,0.00,0,0,0.00,0.00,0.00,0,0,0.00,0.00,0,0
1520222474,s2,0.00,0.00,0.00,0,0,0.00,0.00,0.00,0,0,0.00,0.00,0,0
1520222474,s1-eth2,0.00,0.00,0.00,0,0,0.00,0.00,0.00,0,0,0.00,0.00,0,0
1520222474,s1-eth1,0.00,0.00,0.00,0,0,0.00,0.00,0.00,0,0,0.00,0.00,0,0
1520222474,s3,0.00,70.00,70.00,70,0,0.00,1.00,1.00,1,0,0.00,0.00,0,0
1520222474,s2-eth2,0.00,0.00,0.00,0,0,0.00,0.00,0.00,0,0,0.00,0.00,0,0
1520222474,s2-eth1,0.00,0.00,0.00,0,0,0.00,0.00,0.00,0,0,0.00,0.00,0,0
1520222474,lo,268.00,268.00,536.00,268,268,3.00,3.00,6.00,3,3,0.00,0.00,0,0
1520222474,s3-eth2,70.00,0.00,70.00,0,70,1.00,0.00,1.00,0,1,0.00,0.00,0,0
1520222474,s3-eth1,342.00,70.00,412.00,70,342,1.00,1.00,2.00,1,1,0.00,0.00,0,0
1520222474,total,680.00,408.00,1088.00,408,680,5.00,5.00,10.00,5,5,0.00,0.00,0,0
1520222475,s1,70.00,140.00,210.00,140,70,1.00,2.00,3.00,2,1,0.00,0.00,0,0
1520222475,eth0,0.00,0.00,0.00,0,0,0.00,0.00,0.00,0,0,0.00,0.00,0,0
1520222475,eth1,0.00,0.00,0.00,0,0,0.00,0.00,0.00,0,0,0.00,0.00,0,0
1520222475,s2,0.00,140.00,140.00,140,0,0.00,2.00,2.00,2,0,0.00,0.00,0,0
1520222475,s1-eth2,552.00,70.00,622.00,70,552,4.00,1.00,5.00,1,4,0.00,0.00,0,0
1520222475,s1-eth1,210.00,70.00,280.00,70,210,3.00,1.00,4.00,1,3,0.00,0.00,0,0
1520222475,s3,70.00,0.00,70.00,0,70,1.00,0.00,1.00,0,1,0.00,0.00,0,0
1520222475,s2-eth2,482.00,70.00,552.00,70,482,3.00,1.00,4.00,1,3,0.00,0.00,0,0
1520222475,s2-eth1,140.00,70.00,210.00,70,140,2.00,1.00,3.00,1,2,0.00,0.00,0,0
1520222475,lo,1606.39,1606.39,3212.79,1608,1608,17.98,17.98,35.96,18,18,0.00,0.00,0,0
1520222475,s3-eth2,481.52,0.00,481.52,0,482,3.00,0.00,3.00,0,3,0.00,0.00,0,0
1520222475,s3-eth1,139.86,0.00,139.86,0,140,2.00,0.00,2.00,0,2,0.00,0.00,0,0
1520222475,total,3750.25,2165.83,5916.08,2168,3754,36.96,25.97,62.94,26,37,0.00,0.00,0,0
1520222476,s1,0.00,0.00,0.00,0,0,0.00,0.00,0.00,0,0,0.00,0.00,0,0
1520222476,eth0,0.00,0.00,0.00,0,0,0.00,0.00,0.00,0,0,0.00,0.00,0,0
1520222476,eth1,0.00,0.00,0.00,0,0,0.00,0.00,0.00,0,0,0.00,0.00,0,0
1520222476,s2,69.93,0.00,69.93,0,70,1.00,0.00,1.00,0,1,0.00,0.00,0,0
1520222476,s1-eth2,0.00,0.00,0.00,0,0,0.00,0.00,0.00,0,0,0.00,0.00,0,0
1520222476,s1-eth1,0.00,0.00,0.00,0,0,0.00,0.00,0.00,0,0,0.00,0.00,0,0
1520222476,s3,0.00,69.93,69.93,70,0,0.00,1.00,1.00,1,0,0.00,0.00,0,0
1520222476,s2-eth2,69.93,0.00,69.93,0,70,1.00,0.00,1.00,0,1,0.00,0.00,0,0
1520222476,s2-eth1,69.93,0.00,69.93,0,70,1.00,0.00,1.00,0,1,0.00,0.00,0,0
1520222476,lo,536.00,536.00,1072.00,536,536,6.00,6.00,12.00,6,6,0.00,0.00,0,0
1520222476,s3-eth2,0.00,70.00,70.00,70,0,0.00,1.00,1.00,1,0,0.00,0.00,0,0
1520222476,s3-eth1,70.00,0.00,70.00,0,70,1.00,0.00,1.00,0,1,0.00,0.00,0,0
1520222476,total,816.00,676.00,1492.00,676,816,10.00,8.00,18.00,8,10,0.00,0.00,0,0
1520222477,s1,0.00,84.00,84.00,84,0,0.00,2.00,2.00,2,0,0.00,0.00,0,0
1520222477,eth0,0.00,0.00,0.00,0,0,0.00,0.00,0.00,0,0,0.00,0.00,0,0
1520222477,eth1,0.00,0.00,0.00,0,0,0.00,0.00,0.00,0,0,0.00,0.00,0,0
1520222477,s2,0.00,126.00,126.00,126,0,0.00,3.00,3.00,3,0,0.00,0.00,0,0
1520222477,s1-eth2,55918.00,1136616.00,1192534.00,1136616,55918,755.00,764.00,1519.00,764,755,0.00,0.00,0,0
1520222477,s1-eth1,1132416.00,55992.00,1188408.00,55992,1132416,762.00,756.00,1518.00,756,762,0.00,0.00,0,0
1520222477,s3,0.00,126.00,126.00,126,0,0.00,3.00,3.00,3,0,0.00,0.00,0,0
1520222477,s2-eth2,9112.00,253140.00,262252.00,253140,9112,118.00,172.00,290.00,172,118,0.00,0.00,0,0
1520222477,s2-eth1,216804.00,9112.00,225916.00,9112,216804,148.00,118.00,266.00,118,148,0.00,0.00,0,0
1520222477,lo,6784.00,6784.00,13568.00,6784,6784,60.00,60.00,120.00,60,60,0.00,0.00,0,0
1520222477,s3-eth2,132.00,302.00,434.00,302,132,2.00,5.00,7.00,5,2,0.00,0.00,0,0
1520222477,s3-eth1,212.00,132.00,344.00,132,212,4.00,2.00,6.00,2,4,0.00,0.00,0,0
1520222477,total,1421378.00,1462414.00,2883792.00,1462414,1421378,1849.00,1885.00,3734.00,1885,1849,0.00,0.00,0,0
1520222478,s1,0.00,84.00,84.00,84,0,0.00,2.00,2.00,2,0,0.00,0.00,0,0
1520222478,eth0,0.00,0.00,0.00,0,0,0.00,0.00,0.00,0,0,0.00,0.00,0,0
1520222478,eth1,0.00,0.00,0.00,0,0,0.00,0.00,0.00,0,0,0.00,0.00,0,0
1520222478,s2,0.00,84.00,84.00,84,0,0.00,2.00,2.00,2,0,0.00,0.00,0,0
1520222478,s1-eth2,53132.00,1250464.00,1303596.00,1250464,53132,718.00,828.00,1546.00,828,718,0.00,0.00,0,0
1520222478,s1-eth1,1250464.00,53132.00,1303596.00,53132,1250464,828.00,718.00,1546.00,718,828,0.00,0.00,0,0
1520222478,s3,0.00,84.00,84.00,84,0,0.00,2.00,2.00,2,0,0.00,0.00,0,0
1520222478,s2-eth2,12166.00,236268.00,248434.00,236268,12166,153.00,158.00,311.00,158,153,0.00,0.00,0,0
1520222478,s2-eth1,249894.00,12166.00,262060.00,12166,249894,167.00,153.00,320.00,153,167,0.00,0.00,0,0
1520222478,lo,1440.00,1440.00,2880.00,1440,1440,18.00,18.00,36.00,18,18,0.00,0.00,0,0
1520222478,s3-eth2,2450.00,106334.00,108784.00,106334,2450,33.00,75.00,108.00,75,33,0.00,0.00,0,0
1520222478,s3-eth1,63942.00,2450.00,66392.00,2450,63942,47.00,33.00,80.00,33,47,0.00,0.00,0,0
1520222478,total,1633488.00,1662506.00,3295994.00,1662506,1633488,1964.00,1989.00,3953.00,1989,1964,0.00,0.00,0,0
1520222479,s1,0.00,84.00,84.00,84,0,0.00,2.00,2.00,2,0,0.00,0.00,0,0
1520222479,eth0,0.00,0.00,0.00,0,0,0.00,0.00,0.00,0,0,0.00,0.00,0,0
1520222479,eth1,0.00,0.00,0.00,0,0,0.00,0.00,0.00,0,0,0.00,0.00,0,0
1520222479,s2,0.00,84.00,84.00,84,0,0.00,2.00,2.00,2,0,0.00,0.00,0,0
1520222479,s1-eth2,56092.00,1249134.00,1305226.00,1249134,56092,758.00,827.00,1585.00,827,758,0.00,0.00,0,0
1520222479,s1-eth1,1250648.00,56018.00,1306666.00,56018,1250648,828.00,757.00,1585.00,757,828,0.00,0.00,0,0
1520222479,s3,0.00,84.00,84.00,84,0,0.00,2.00,2.00,2,0,0.00,0.00,0,0
1520222479,s2-eth2,12750.00,249894.00,262644.00,249894,12750,165.00,167.00,332.00,167,165,0.00,0.00,0,0
1520222479,s2-eth1,249894.00,12750.00,262644.00,12750,249894,167.00,165.00,332.00,165,167,0.00,0.00,0,0
1520222479,lo,1440.00,1440.00,2880.00,1440,1440,18.00,18.00,36.00,18,18,0.00,0.00,0,0
1520222479,s3-eth2,13530.00,287744.00,301274.00,287744,13530,159.00,192.00,351.00,192,159,0.00,0.00,0,0
1520222479,s3-eth1,249894.00,13530.00,263424.00,13530,249894,167.00,159.00,326.00,159,167,0.00,0.00,0,0
1520222479,total,1834248.00,1870762.00,3705010.00,1870762,1834248,2262.00,2291.00,4553.00,2291,2262,0.00,0.00,0,0
1520222480,s1,0.00,84.00,84.00,84,0,0.00,2.00,2.00,2,0,0.00,0.00,0,0
1520222480,eth0,0.00,0.00,0.00,0,0,0.00,0.00,0.00,0,0,0.00,0.00,0,0
1520222480,eth1,0.00,0.00,0.00,0,0,0.00,0.00,0.00,0,0,0.00,0.00,0,0
1520222480,s2,0.00,84.00,84.00,84,0,0.00,2.00,2.00,2,0,0.00,0.00,0,0
1520222480,s1-eth2,58830.00,1206282.00,1265112.00,1206282,58830,795.00,799.00,1594.00,799,795,0.00,0.00,0,0
1520222480,s1-eth1,1204768.00,58904.00,1263672.00,58904,1204768,798.00,796.00,1594.00,796,798,0.00,0.00,0,0
1520222480,s3,0.00,84.00,84.00,84,0,0.00,2.00,2.00,2,0,0.00,0.00,0,0
1520222480,s2-eth2,12236.00,257464.00,269700.00,257464,12236,160.00,172.00,332.00,172,160,0.00,0.00,0,0
1520222480,s2-eth1,248722.00,12236.00,260958.00,12236,248722,167.00,160.00,327.00,160,167,0.00,0.00,0,0
1520222480,lo,1440.00,1440.00,2880.00,1440,1440,18.00,18.00,36.00,18,18,0.00,0.00,0,0
1520222480,s3-eth2,14760.00,209016.00,223776.00,209016,14760,160.00,140.00,300.00,140,160,0.00,0.00,0,0
1520222480,s3-eth1,248380.00,14760.00,263140.00,14760,248380,166.00,160.00,326.00,160,166,0.00,0.00,0,0
1520222480,total,1789136.00,1760354.00,3549490.00,1760354,1789136,2264.00,2251.00,4515.00,2251,2264,0.00,0.00,0,0
1520222481,s1,0.00,84.00,84.00,84,0,0.00,2.00,2.00,2,0,0.00,0.00,0,0
1520222481,eth0,0.00,0.00,0.00,0,0,0.00,0.00,0.00,0,0,0.00,0.00,0,0
1520222481,eth1,0.00,0.00,0.00,0,0,0.00,0.00,0.00,0,0,0.00,0.00,0,0
1520222481,s2,0.00,84.00,84.00,84,0,0.00,2.00,2.00,2,0,0.00,0.00,0,0
1520222481,s1-eth2,37444.00,1249134.00,1286578.00,1249134,37444,506.00,827.00,1333.00,827,506,0.00,0.00,0,0
1520222481,s1-eth1,1249134.00,37370.00,1286504.00,37370,1249134,827.00,505.00,1332.00,505,827,0.00,0.00,0,0
1520222481,s3,0.00,84.00,84.00,84,0,0.00,2.00,2.00,2,0,0.00,0.00,0,0
1520222481,s2-eth2,12528.00,258978.00,271506.00,258978,12528,162.00,173.00,335.00,173,162,0.00,0.00,0,0
1520222481,s2-eth1,249894.00,12602.00,262496.00,12602,249894,167.00,163.00,330.00,163,167,0.00,0.00,0,0
1520222481,lo,1440.00,1440.00,2880.00,1440,1440,18.00,18.00,36.00,18,18,0.00,0.00,0,0
1520222481,s3-eth2,12752.00,248380.00,261132.00,248380,12752,160.00,166.00,326.00,166,160,0.00,0.00,0,0
1520222481,s3-eth1,249894.00,12826.00,262720.00,12826,249894,167.00,161.00,328.00,161,167,0.00,0.00,0,0
1520222481,total,1813086.00,1820982.00,3634068.00,1820982,1813086,2007.00,2019.00,4026.00,2019,2007,0.00,0.00,0,0
1520222482,s1,0.00,84.00,84.00,84,0,0.00,2.00,2.00,2,0,0.00,0.00,0,0
1520222482,eth0,0.00,0.00,0.00,0,0,0.00,0.00,0.00,0,0,0.00,0.00,0,0
1520222482,eth1,0.00,0.00,0.00,0,0,0.00,0.00,0.00,0,0,0.00,0.00,0,0
1520222482,s2,0.00,84.00,84.00,84,0,0.00,2.00,2.00,2,0,0.00,0.00,0,0
1520222482,s1-eth2,34854.00,1250648.00,1285502.00,1250648,34854,471.00,828.00,1299.00,828,471,0.00,0.00,0,0
1520222482,s1-eth1,1250648.00,34928.00,1285576.00,34928,1250648,828.00,472.00,1300.00,472,828,0.00,0.00,0,0
1520222482,s3,0.00,84.00,84.00,84,0,0.00,2.00,2.00,2,0,0.00,0.00,0,0
1520222482,s2-eth2,11996.00,257464.00,269460.00,257464,11996,160.00,172.00,332.00,172,160,0.00,0.00,0,0
1520222482,s2-eth1,251408.00,11922.00,263330.00,11922,251408,168.00,159.00,327.00,159,168,0.00,0.00,0,0
1520222482,lo,1440.00,1440.00,2880.00,1440,1440,18.00,18.00,36.00,18,18,0.00,0.00,0,0
1520222482,s3-eth2,8806.00,143914.00,152720.00,143914,8806,105.00,97.00,202.00,97,105,0.00,0.00,0,0
1520222482,s3-eth1,152998.00,8390.00,161388.00,8390,152998,103.00,103.00,206.00,103,103,0.00,0.00,0,0
1520222482,total,1712150.00,1708958.00,3421108.00,1708958,1712150,1853.00,1855.00,3708.00,1855,1853,0.00,0.00,0,0
1520222483,s1,0.00,0.00,0.00,0,0,0.00,0.00,0.00,0,0,0.00,0.00,0,0
1520222483,eth0,0.00,0.00,0.00,0,0,0.00,0.00,0.00,0,0,0.00,0.00,0,0
1520222483,eth1,0.00,0.00,0.00,0,0,0.00,0.00,0.00,0,0,0.00,0.00,0,0
1520222483,s2,0.00,0.00,0.00,0,0,0.00,0.00,0.00,0,0,0.00,0.00,0,0
1520222483,s1-eth2,31820.00,1250564.00,1282384.00,1250564,31820,430.00,826.00,1256.00,826,430,0.00,0.00,0,0
1520222483,s1-eth1,1250564.00,31746.00,1282310.00,31746,1250564,826.00,429.00,1255.00,429,826,0.00,0.00,0,0
1520222483,s3,0.00,0.00,0.00,0,0,0.00,0.00,0.00,0,0,0.00,0.00,0,0
1520222483,s2-eth2,12704.00,257380.00,270084.00,257380,12704,160.00,170.00,330.00,170,160,0.00,0.00,0,0
1520222483,s2-eth1,249810.00,12704.00,262514.00,12704,249810,165.00,160.00,325.00,160,165,0.00,0.00,0,0
1520222483,lo,0.00,0.00,0.00,0,0,0.00,0.00,0.00,0,0,0.00,0.00,0,0
1520222483,s3-eth2,4240.00,86298.00,90538.00,86298,4240,56.00,57.00,113.00,57,56,0.00,0.00,0,0
1520222483,s3-eth1,89326.00,4240.00,93566.00,4240,89326,59.00,56.00,115.00,56,59,0.00,0.00,0,0
1520222483,total,1638464.00,1642932.00,3281396.00,1642932,1638464,1696.00,1698.00,3394.00,1698,1696,0.00,0.00,0,0
1520222484,s1,0.00,0.00,0.00,0,0,0.00,0.00,0.00,0,0,0.00,0.00,0,0
1520222484,eth0,0.00,0.00,0.00,0,0,0.00,0.00,0.00,0,0,0.00,0.00,0,0
1520222484,eth1,0.00,0.00,0.00,0,0,0.00,0.00,0.00,0,0,0.00,0.00,0,0
1520222484,s2,0.00,0.00,0.00,0,0,0.00,0.00,0.00,0,0,0.00,0.00,0,0
1520222484,s1-eth2,30562.00,1250564.00,1281126.00,1250564,30562,413.00,826.00,1239.00,826,413,0.00,0.00,0,0
1520222484,s1-eth1,1250564.00,30562.00,1281126.00,30562,1250564,826.00,413.00,1239.00,413,826,0.00,0.00,0,0
1520222484,s3,0.00,0.00,0.00,0,0,0.00,0.00,0.00,0,0,0.00,0.00,0,0
1520222484,s2-eth2,11810.00,255866.00,267676.00,255866,11810,153.00,169.00,322.00,169,153,0.00,0.00,0,0
1520222484,s2-eth1,243754.00,11810.00,255564.00,11810,243754,161.00,153.00,314.00,153,161,0.00,0.00,0,0
1520222484,lo,0.00,0.00,0.00,0,0,0.00,0.00,0.00,0,0,0.00,0.00,0,0
1520222484,s3-eth2,5402.00,119606.00,125008.00,119606,5402,73.00,79.00,152.00,79,73,0.00,0.00,0,0
1520222484,s3-eth1,112036.00,5402.00,117438.00,5402,112036,74.00,73.00,147.00,73,74,0.00,0.00,0,0
1520222484,total,1654128.00,1673810.00,3327938.00,1673810,1654128,1700.00,1713.00,3413.00,1713,1700,0.00,0.00,0,0
1520222485,s1,0.00,0.00,0.00,0,0,0.00,0.00,0.00,0,0,0.00,0.00,0,0
1520222485,eth0,0.00,0.00,0.00,0,0,0.00,0.00,0.00,0,0,0.00,0.00,0,0
1520222485,eth1,0.00,0.00,0.00,0,0,0.00,0.00,0.00,0,0,0.00,0.00,0,0
1520222485,s2,0.00,0.00,0.00,0,0,0.00,0.00,0.00,0,0,0.00,0.00,0,0
1520222485,s1-eth2,31302.00,1250564.00,1281866.00,1250564,31302,423.00,826.00,1249.00,826,423,0.00,0.00,0,0
1520222485,s1-eth1,1250564.00,31376.00,1281940.00,31376,1250564,826.00,424.00,1250.00,424,826,0.00,0.00,0,0
1520222485,s3,0.00,0.00,0.00,0,0,0.00,0.00,0.00,0,0,0.00,0.00,0,0
1520222485,s2-eth2,12344.00,260408.00,272752.00,260408,12344,160.00,172.00,332.00,172,160,0.00,0.00,0,0
1520222485,s2-eth1,249810.00,12344.00,262154.00,12344,249810,165.00,160.00,325.00,160,165,0.00,0.00,0,0
1520222485,lo,0.00,0.00,0.00,0,0,0.00,0.00,0.00,0,0,0.00,0.00,0,0
1520222485,s3-eth2,5804.00,122634.00,128438.00,122634,5804,76.00,81.00,157.00,81,76,0.00,0.00,0,0
1520222485,s3-eth1,121120.00,5804.00,126924.00,5804,121120,80.00,76.00,156.00,76,80,0.00,0.00,0,0
1520222485,total,1670944.00,1683130.00,3354074.00,1683130,1670944,1730.00,1739.00,3469.00,1739,1730,0.00,0.00,0,0
1520222486,s1,0.00,0.00,0.00,0,0,0.00,0.00,0.00,0,0,0.00,0.00,0,0
1520222486,eth0,0.00,0.00,0.00,0,0,0.00,0.00,0.00,0,0,0.00,0.00,0,0
1520222486,eth1,0.00,0.00,0.00,0,0,0.00,0.00,0.00,0,0,0.00,0.00,0,0
1520222486,s2,0.00,0.00,0.00,0,0,0.00,0.00,0.00,0,0,0.00,0.00,0,0
1520222486,s1-eth2,30904.00,1249050.00,1279954.00,1249050,30904,414.00,825.00,1239.00,825,414,0.00,0.00,0,0
1520222486,s1-eth1,1249050.00,30488.00,1279538.00,30488,1249050,825.00,412.00,1237.00,412,825,0.00,0.00,0,0
1520222486,s3,0.00,0.00,0.00,0,0,0.00,0.00,0.00,0,0,0.00,0.00,0,0
1520222486,s2-eth2,12570.00,260408.00,272978.00,260408,12570,161.00,172.00,333.00,172,161,0.00,0.00,0,0
1520222486,s2-eth1,249810.00,12570.00,262380.00,12570,249810,165.00,161.00,326.00,161,165,0.00,0.00,0,0
1520222486,lo,516.00,516.00,1032.00,516,516,9.00,9.00,18.00,9,9,0.00,0.00,0,0
1520222486,s3-eth2,6586.00,139288.00,145874.00,139288,6586,89.00,92.00,181.00,92,89,0.00,0.00,0,0
1520222486,s3-eth1,136260.00,6586.00,142846.00,6586,136260,90.00,89.00,179.00,89,90,0.00,0.00,0,0
1520222486,total,1685696.00,1698906.00,3384602.00,1698906,1685696,1753.00,1760.00,3513.00,1760,1753,0.00,0.00,0,0
1520222487,s1,0.00,0.00,0.00,0,0,0.00,0.00,0.00,0,0,0.00,0.00,0,0
1520222487,eth0,0.00,0.00,0.00,0,0,0.00,0.00,0.00,0,0,0.00,0.00,0,0
1520222487,eth1,0.00,0.00,0.00,0,0,0.00,0.00,0.00,0,0,0.00,0.00,0,0
1520222487,s2,0.00,0.00,0.00,0,0,0.00,0.00,0.00,0,0,0.00,0.00,0,0
1520222487,s1-eth2,36260.00,1250564.00,1286824.00,1250564,36260,490.00,826.00,1316.00,826,490,0.00,0.00,0,0
1520222487,s1-eth1,1250564.00,36260.00,1286824.00,36260,1250564,826.00,490.00,1316.00,490,826,0.00,0.00,0,0
1520222487,s3,0.00,0.00,0.00,0,0,0.00,0.00,0.00,0,0,0.00,0.00,0,0
1520222487,s2-eth2,11984.00,258936.00,270920.00,258936,11984,158.00,172.00,330.00,172,158,0.00,0.00,0,0
1520222487,s2-eth1,249852.00,12058.00,261910.00,12058,249852,166.00,159.00,325.00,159,166,0.00,0.00,0,0
1520222487,lo,1184.00,1184.00,2368.00,1184,1184,12.00,12.00,24.00,12,12,0.00,0.00,0,0
1520222487,s3-eth2,6636.00,134788.00,141424.00,134788,6636,86.00,90.00,176.00,90,86,0.00,0.00,0,0
1520222487,s3-eth1,134788.00,6636.00,141424.00,6636,134788,90.00,86.00,176.00,86,90,0.00,0.00,0,0
1520222487,total,1691268.00,1700426.00,3391694.00,1700426,1691268,1828.00,1835.00,3663.00,1835,1828,0.00,0.00,0,0
1520222488,s1,0.00,0.00,0.00,0,0,0.00,0.00,0.00,0,0,0.00,0.00,0,0
1520222488,eth0,0.00,0.00,0.00,0,0,0.00,0.00,0.00,0,0,0.00,0.00,0,0
1520222488,eth1,0.00,0.00,0.00,0,0,0.00,0.00,0.00,0,0,0.00,0.00,0,0
1520222488,s2,0.00,0.00,0.00,0,0,0.00,0.00,0.00,0,0,0.00,0.00,0,0
1520222488,s1-eth2,37148.00,1250564.00,1287712.00,1250564,37148,502.00,826.00,1328.00,826,502,0.00,0.00,0,0
1520222488,s1-eth1,1250564.00,37222.00,1287786.00,37222,1250564,826.00,503.00,1329.00,503,826,0.00,0.00,0,0
1520222488,s3,0.00,0.00,0.00,0,0,0.00,0.00,0.00,0,0,0.00,0.00,0,0
1520222488,s2-eth2,12466.00,258894.00,271360.00,258894,12466,161.00,171.00,332.00,171,161,0.00,0.00,0,0
1520222488,s2-eth1,250152.00,12466.00,262618.00,12466,250152,166.00,161.00,327.00,161,166,0.00,0.00,0,0
1520222488,lo,0.00,0.00,0.00,0,0,0.00,0.00,0.00,0,0,0.00,0.00,0,0
1520222488,s3-eth2,4902.00,92354.00,97256.00,92354,4902,61.00,61.00,122.00,61,61,0.00,0.00,0,0
1520222488,s3-eth1,87812.00,4976.00,92788.00,4976,87812,58.00,62.00,120.00,62,58,0.00,0.00,0,0
1520222488,total,1643044.00,1656476.00,3299520.00,1656476,1643044,1774.00,1784.00,3558.00,1784,1774,0.00,0.00,0,0
1520222489,s1,0.00,0.00,0.00,0,0,0.00,0.00,0.00,0,0,0.00,0.00,0,0
1520222489,eth0,0.00,0.00,0.00,0,0,0.00,0.00,0.00,0,0,0.00,0.00,0,0
1520222489,eth1,0.00,0.00,0.00,0,0,0.00,0.00,0.00,0,0,0.00,0.00,0,0
1520222489,s2,0.00,0.00,0.00,0,0,0.00,0.00,0.00,0,0,0.00,0.00,0,0
1520222489,s1-eth2,35520.00,1250564.00,1286084.00,1250564,35520,480.00,826.00,1306.00,826,480,0.00,0.00,0,0
1520222489,s1-eth1,1250564.00,35520.00,1286084.00,35520,1250564,826.00,480.00,1306.00,480,826,0.00,0.00,0,0
1520222489,s3,0.00,0.00,0.00,0,0,0.00,0.00,0.00,0,0,0.00,0.00,0,0
1520222489,s2-eth2,12956.00,249810.00,262766.00,249810,12956,164.00,165.00,329.00,165,164,0.00,0.00,0,0
1520222489,s2-eth1,251324.00,12540.00,263864.00,12540,251324,166.00,162.00,328.00,162,166,0.00,0.00,0,0
1520222489,lo,0.00,0.00,0.00,0,0,0.00,0.00,0.00,0,0,0.00,0.00,0,0
1520222489,s3-eth2,3570.00,68130.00,71700.00,68130,3570,45.00,45.00,90.00,45,45,0.00,0.00,0,0
1520222489,s3-eth1,74186.00,3496.00,77682.00,3496,74186,49.00,44.00,93.00,44,49,0.00,0.00,0,0
1520222489,total,1628120.00,1620060.00,3248180.00,1620060,1628120,1730.00,1722.00,3452.00,1722,1730,0.00,0.00,0,0
1520222490,s1,0.00,0.00,0.00,0,0,0.00,0.00,0.00,0,0,0.00,0.00,0,0
1520222490,eth0,0.00,0.00,0.00,0,0,0.00,0.00,0.00,0,0,0.00,0.00,0,0
1520222490,eth1,0.00,0.00,0.00,0,0,0.00,0.00,0.00,0,0,0.00,0.00,0,0
1520222490,s2,0.00,0.00,0.00,0,0,0.00,0.00,0.00,0,0,0.00,0.00,0,0
1520222490,s1-eth2,34780.00,1250564.00,1285344.00,1250564,34780,470.00,826.00,1296.00,826,470,0.00,0.00,0,0
1520222490,s1-eth1,1250564.00,34780.00,1285344.00,34780,1250564,826.00,470.00,1296.00,470,826,0.00,0.00,0,0
1520222490,s3,0.00,0.00,0.00,0,0,0.00,0.00,0.00,0,0,0.00,0.00,0,0
1520222490,s2-eth2,12654.00,258894.00,271548.00,258894,12654,165.00,171.00,336.00,171,165,0.00,0.00,0,0
1520222490,s2-eth1,249810.00,12654.00,262464.00,12654,249810,165.00,165.00,330.00,165,165,0.00,0.00,0,0
1520222490,lo,0.00,0.00,0.00,0,0,0.00,0.00,0.00,0,0,0.00,0.00,0,0
1520222490,s3-eth2,3622.00,74186.00,77808.00,74186,3622,47.00,49.00,96.00,49,47,0.00,0.00,0,0
1520222490,s3-eth1,63588.00,3622.00,67210.00,3622,63588,42.00,47.00,89.00,47,42,0.00,0.00,0,0
1520222490,total,1615018.00,1634700.00,3249718.00,1634700,1615018,1715.00,1728.00,3443.00,1728,1715,0.00,0.00,0,0
1520222491,s1,0.00,0.00,0.00,0,0,0.00,0.00,0.00,0,0,0.00,0.00,0,0
1520222491,eth0,0.00,0.00,0.00,0,0,0.00,0.00,0.00,0,0,0.00,0.00,0,0
1520222491,eth1,0.00,0.00,0.00,0,0,0.00,0.00,0.00,0,0,0.00,0.00,0,0
1520222491,s2,0.00,0.00,0.00,0,0,0.00,0.00,0.00,0,0,0.00,0.00,0,0
1520222491,s1-eth2,33522.00,1250564.00,1284086.00,1250564,33522,453.00,826.00,1279.00,826,453,0.00,0.00,0,0
1520222491,s1-eth1,1250906.00,33522.00,1284428.00,33522,1250906,827.00,453.00,1280.00,453,827,0.00,0.00,0,0
1520222491,s3,0.00,0.00,0.00,0,0,0.00,0.00,0.00,0,0,0.00,0.00,0,0
1520222491,s2-eth2,12224.00,264950.00,277174.00,264950,12224,158.00,175.00,333.00,175,158,0.00,0.00,0,0
1520222491,s2-eth1,249810.00,12224.00,262034.00,12224,249810,165.00,158.00,323.00,158,165,0.00,0.00,0,0
1520222491,lo,516.00,516.00,1032.00,516,516,9.00,9.00,18.00,9,9,0.00,0.00,0,0
1520222491,s3-eth2,3168.00,68130.00,71298.00,68130,3168,42.00,45.00,87.00,45,42,0.00,0.00,0,0
1520222491,s3-eth1,76042.00,3168.00,79210.00,3168,76042,51.00,42.00,93.00,42,51,0.00,0.00,0,0
1520222491,total,1626188.00,1633074.00,3259262.00,1633074,1626188,1705.00,1708.00,3413.00,1708,1705,0.00,0.00,0,0
1520222492,s1,0.00,0.00,0.00,0,0,0.00,0.00,0.00,0,0,0.00,0.00,0,0
1520222492,eth0,0.00,215.00,215.00,215,0,0.00,1.00,1.00,1,0,0.00,0.00,0,0
1520222492,eth1,0.00,0.00,0.00,0,0,0.00,0.00,0.00,0,0,0.00,0.00,0,0
1520222492,s2,0.00,0.00,0.00,0,0,0.00,0.00,0.00,0,0,0.00,0.00,0,0
1520222492,s1-eth2,33670.00,1250564.00,1284234.00,1250564,33670,455.00,826.00,1281.00,826,455,0.00,0.00,0,0
1520222492,s1-eth1,1250564.00,33596.00,1284160.00,33596,1250564,826.00,454.00,1280.00,454,826,0.00,0.00,0,0
1520222492,s3,0.00,0.00,0.00,0,0,0.00,0.00,0.00,0,0,0.00,0.00,0,0
1520222492,s2-eth2,11426.00,240726.00,252152.00,240726,11426,147.00,159.00,306.00,159,147,0.00,0.00,0,0
1520222492,s2-eth1,233156.00,11426.00,244582.00,11426,233156,154.00,147.00,301.00,147,154,0.00,0.00,0,0
1520222492,lo,0.00,0.00,0.00,0,0,0.00,0.00,0.00,0,0,0.00,0.00,0,0
1520222492,s3-eth2,2734.00,57532.00,60266.00,57532,2734,35.00,38.00,73.00,38,35,0.00,0.00,0,0
1520222492,s3-eth1,46934.00,2734.00,49668.00,2734,46934,31.00,35.00,66.00,35,31,0.00,0.00,0,0
1520222492,total,1578484.00,1596793.00,3175277.00,1596793,1578484,1648.00,1660.00,3308.00,1660,1648,0.00,0.00,0,0
1520222493,s1,0.00,0.00,0.00,0,0,0.00,0.00,0.00,0,0,0.00,0.00,0,0
1520222493,eth0,0.00,0.00,0.00,0,0,0.00,0.00,0.00,0,0,0.00,0.00,0,0
1520222493,eth1,0.00,0.00,0.00,0,0,0.00,0.00,0.00,0,0,0.00,0.00,0,0
1520222493,s2,0.00,0.00,0.00,0,0,0.00,0.00,0.00,0,0,0.00,0.00,0,0
1520222493,s1-eth2,32412.00,1250564.00,1282976.00,1250564,32412,438.00,826.00,1264.00,826,438,0.00,0.00,0,0
1520222493,s1-eth1,1249050.00,32412.00,1281462.00,32412,1249050,825.00,438.00,1263.00,438,825,0.00,0.00,0,0
1520222493,s3,0.00,0.00,0.00,0,0,0.00,0.00,0.00,0,0,0.00,0.00,0,0
1520222493,s2-eth2,10058.00,222558.00,232616.00,222558,10058,131.00,147.00,278.00,147,131,0.00,0.00,0,0
1520222493,s2-eth1,207418.00,10058.00,217476.00,10058,207418,137.00,131.00,268.00,131,137,0.00,0.00,0,0
1520222493,lo,0.00,0.00,0.00,0,0,0.00,0.00,0.00,0,0,0.00,0.00,0,0
1520222493,s3-eth2,3256.00,71158.00,74414.00,71158,3256,44.00,47.00,91.00,47,44,0.00,0.00,0,0
1520222493,s3-eth1,78728.00,3256.00,81984.00,3256,78728,52.00,44.00,96.00,44,52,0.00,0.00,0,0
1520222493,total,1580922.00,1590006.00,3170928.00,1590006,1580922,1627.00,1633.00,3260.00,1633,1627,0.00,0.00,0,0
1520222494,s1,0.00,0.00,0.00,0,0,0.00,0.00,0.00,0,0,0.00,0.00,0,0
1520222494,eth0,0.00,60.00,60.00,60,0,0.00,1.00,1.00,1,0,0.00,0.00,0,0
1520222494,eth1,0.00,0.00,0.00,0,0,0.00,0.00,0.00,0,0,0.00,0.00,0,0
1520222494,s2,0.00,0.00,0.00,0,0,0.00,0.00,0.00,0,0,0.00,0.00,0,0
1520222494,s1-eth2,38258.00,1250564.00,1288822.00,1250564,38258,517.00,826.00,1343.00,826,517,0.00,0.00,0,0
1520222494,s1-eth1,1250564.00,38258.00,1288822.00,38258,1250564,826.00,517.00,1343.00,517,826,0.00,0.00,0,0
1520222494,s3,0.00,0.00,0.00,0,0,0.00,0.00,0.00,0,0,0.00,0.00,0,0
1520222494,s2-eth2,12298.00,257380.00,269678.00,257380,12298,161.00,170.00,331.00,170,161,0.00,0.00,0,0
1520222494,s2-eth1,249810.00,12298.00,262108.00,12298,249810,165.00,161.00,326.00,161,165,0.00,0.00,0,0
1520222494,lo,0.00,0.00,0.00,0,0,0.00,0.00,0.00,0,0,0.00,0.00,0,0
1520222494,s3-eth2,4218.00,86298.00,90516.00,86298,4218,53.00,57.00,110.00,57,53,0.00,0.00,0,0
1520222494,s3-eth1,71158.00,4218.00,75376.00,4218,71158,47.00,53.00,100.00,53,47,0.00,0.00,0,0
1520222494,total,1626306.00,1649076.00,3275382.00,1649076,1626306,1769.00,1785.00,3554.00,1785,1769,0.00,0.00,0,0
1520222495,s1,0.00,0.00,0.00,0,0,0.00,0.00,0.00,0,0,0.00,0.00,0,0
1520222495,eth0,0.00,0.00,0.00,0,0,0.00,0.00,0.00,0,0,0.00,0.00,0,0
1520222495,eth1,0.00,0.00,0.00,0,0,0.00,0.00,0.00,0,0,0.00,0.00,0,0
1520222495,s2,0.00,0.00,0.00,0,0,0.00,0.00,0.00,0,0,0.00,0.00,0,0
1520222495,s1-eth2,36038.00,1250564.00,1286602.00,1250564,36038,487.00,826.00,1313.00,826,487,0.00,0.00,0,0
1520222495,s1-eth1,1250564.00,36038.00,1286602.00,36038,1250564,826.00,487.00,1313.00,487,826,0.00,0.00,0,0
1520222495,s3,0.00,0.00,0.00,0,0,0.00,0.00,0.00,0,0,0.00,0.00,0,0
1520222495,s2-eth2,12276.00,258894.00,271170.00,258894,12276,160.00,171.00,331.00,171,160,0.00,0.00,0,0
1520222495,s2-eth1,251324.00,12276.00,263600.00,12276,251324,166.00,160.00,326.00,160,166,0.00,0.00,0,0
1520222495,lo,0.00,0.00,0.00,0,0,0.00,0.00,0.00,0,0,0.00,0.00,0,0
1520222495,s3-eth2,3896.00,80242.00,84138.00,80242,3896,50.00,53.00,103.00,53,50,0.00,0.00,0,0
1520222495,s3-eth1,87812.00,3896.00,91708.00,3896,87812,58.00,50.00,108.00,50,58,0.00,0.00,0,0
1520222495,total,1641910.00,1641910.00,3283820.00,1641910,1641910,1747.00,1747.00,3494.00,1747,1747,0.00,0.00,0,0
1520222496,s1,0.00,0.00,0.00,0,0,0.00,0.00,0.00,0,0,0.00,0.00,0,0
1520222496,eth0,0.00,0.00,0.00,0,0,0.00,0.00,0.00,0,0,0.00,0.00,0,0
1520222496,eth1,0.00,0.00,0.00,0,0,0.00,0.00,0.00,0,0,0.00,0.00,0,0
1520222496,s2,0.00,0.00,0.00,0,0,0.00,0.00,0.00,0,0,0.00,0.00,0,0
1520222496,s1-eth2,34780.00,1249050.00,1283830.00,1249050,34780,470.00,825.00,1295.00,825,470,0.00,0.00,0,0
1520222496,s1-eth1,1250564.00,34854.00,1285418.00,34854,1250564,826.00,471.00,1297.00,471,826,0.00,0.00,0,0
1520222496,s3,0.00,0.00,0.00,0,0,0.00,0.00,0.00,0,0,0.00,0.00,0,0
1520222496,s2-eth2,12186.00,260408.00,272594.00,260408,12186,159.00,172.00,331.00,172,159,0.00,0.00,0,0
1520222496,s2-eth1,249810.00,12186.00,261996.00,12186,249810,165.00,159.00,324.00,159,165,0.00,0.00,0,0
1520222496,lo,516.00,516.00,1032.00,516,516,9.00,9.00,18.00,9,9,0.00,0.00,0,0
1520222496,s3-eth2,3826.00,69644.00,73470.00,69644,3826,45.00,46.00,91.00,46,45,0.00,0.00,0,0
1520222496,s3-eth1,59046.00,3484.00,62530.00,3484,59046,39.00,44.00,83.00,44,39,0.00,0.00,0,0
1520222496,total,1610728.00,1630142.00,3240870.00,1630142,1610728,1713.00,1726.00,3439.00,1726,1713,0.00,0.00,0,0
1520222497,s1,0.00,0.00,0.00,0,0,0.00,0.00,0.00,0,0,0.00,0.00,0,0
1520222497,eth0,400.00,618.00,1018.00,618,400,5.00,5.00,10.00,5,5,0.00,0.00,0,0
1520222497,eth1,0.00,0.00,0.00,0,0,0.00,0.00,0.00,0,0,0.00,0.00,0,0
1520222497,s2,0.00,0.00,0.00,0,0,0.00,0.00,0.00,0,0,0.00,0.00,0,0
1520222497,s1-eth2,3034.00,390612.00,393646.00,390612,3034,41.00,258.00,299.00,258,41,0.00,0.00,0,0
1520222497,s3,0.00,0.00,0.00,0,0,0.00,0.00,0.00,0,0,0.00,0.00,0,0
1520222497,s2-eth2,12202.00,254352.00,266554.00,254352,12202,159.00,168.00,327.00,168,159,0.00,0.00,0,0
1520222497,s2-eth1,249810.00,12202.00,262012.00,12202,249810,165.00,159.00,324.00,159,165,0.00,0.00,0,0
1520222497,lo,850.00,850.00,1700.00,850,850,10.00,10.00,20.00,10,10,0.00,0.00,0,0
1520222497,s3-eth2,2230.00,45420.00,47650.00,45420,2230,29.00,30.00,59.00,30,29,0.00,0.00,0,0
1520222497,s3-eth1,51818.00,2230.00,54048.00,2230,51818,35.00,29.00,64.00,29,35,0.00,0.00,0,0
1520222497,total,18446744073709551616.00,18446744073709551616.00,18446744073709551616.00,18446744073709483993,18446744073685025499,18446744073709535232.00,18446744073709541376.00,18446744073709524992.00,18446744073709541817,18446744073709535595,0.00,0.00,0,0
1520222498,s1,0.00,0.00,0.00,0,0,0.00,0.00,0.00,0,0,0.00,0.00,0,0
1520222498,eth0,152.00,245.00,397.00,245,152,2.00,2.00,4.00,2,2,0.00,0.00,0,0
1520222498,eth1,0.00,0.00,0.00,0,0,0.00,0.00,0.00,0,0,0.00,0.00,0,0
1520222498,s2,0.00,0.00,0.00,0,0,0.00,0.00,0.00,0,0,0.00,0.00,0,0
1520222498,s1-eth2,0.00,1514.00,1514.00,1514,0,0.00,1.00,1.00,1,0,0.00,0.00,0,0
1520222498,s3,0.00,0.00,0.00,0,0,0.00,0.00,0.00,0,0,0.00,0.00,0,0
1520222498,s2-eth2,11944.00,261922.00,273866.00,261922,11944,156.00,173.00,329.00,173,156,0.00,0.00,0,0
1520222498,s2-eth1,250152.00,11944.00,262096.00,11944,250152,166.00,156.00,322.00,156,166,0.00,0.00,0,0
1520222498,lo,341.00,341.00,682.00,341,341,4.00,4.00,8.00,4,4,0.00,0.00,0,0
1520222498,s3-eth2,2590.00,74186.00,76776.00,74186,2590,35.00,49.00,84.00,49,35,0.00,0.00,0,0
1520222498,s3-eth1,62074.00,2590.00,64664.00,2590,62074,41.00,35.00,76.00,35,41,0.00,0.00,0,0
1520222498,total,327253.00,352742.00,679995.00,352742,327253,404.00,420.00,824.00,420,404,0.00,0.00,0,0
1520222499,s1,0.00,0.00,0.00,0,0,0.00,0.00,0.00,0,0,0.00,0.00,0,0
1520222499,eth0,0.00,0.00,0.00,0,0,0.00,0.00,0.00,0,0,0.00,0.00,0,0
1520222499,eth1,0.00,0.00,0.00,0,0,0.00,0.00,0.00,0,0,0.00,0.00,0,0
1520222499,s2,0.00,0.00,0.00,0,0,0.00,0.00,0.00,0,0,0.00,0.00,0,0
1520222499,s1-eth2,0.00,0.00,0.00,0,0,0.00,0.00,0.00,0,0,0.00,0.00,0,0
1520222499,s3,0.00,0.00,0.00,0,0,0.00,0.00,0.00,0,0,0.00,0.00,0,0
1520222499,s2-eth2,12242.00,263436.00,275678.00,263436,12242,159.00,174.00,333.00,174,159,0.00,0.00,0,0
1520222499,s2-eth1,249810.00,12242.00,262052.00,12242,249810,165.00,159.00,324.00,159,165,0.00,0.00,0,0
1520222499,lo,0.00,0.00,0.00,0,0,0.00,0.00,0.00,0,0,0.00,0.00,0,0
1520222499,s3-eth2,2550.00,62074.00,64624.00,62074,2550,33.00,41.00,74.00,41,33,0.00,0.00,0,0
1520222499,s3-eth1,72672.00,2550.00,75222.00,2550,72672,48.00,33.00,81.00,33,48,0.00,0.00,0,0
1520222499,total,337274.00,340302.00,677576.00,340302,337274,405.00,407.00,812.00,407,405,0.00,0.00,0,0
1520222500,s1,0.00,0.00,0.00,0,0,0.00,0.00,0.00,0,0,0.00,0.00,0,0
1520222500,eth0,0.00,60.00,60.00,60,0,0.00,1.00,1.00,1,0,0.00,0.00,0,0
1520222500,eth1,0.00,0.00,0.00,0,0,0.00,0.00,0.00,0,0,0.00,0.00,0,0
1520222500,s2,0.00,0.00,0.00,0,0,0.00,0.00,0.00,0,0,0.00,0.00,0,0
1520222500,s1-eth2,342.00,1514.00,1856.00,1514,342,1.00,1.00,2.00,1,1,0.00,0.00,0,0
1520222500,s3,0.00,0.00,0.00,0,0,0.00,0.00,0.00,0,0,0.00,0.00,0,0
1520222500,s2-eth2,12188.00,260408.00,272596.00,260408,12188,156.00,172.00,328.00,172,156,0.00,0.00,0,0
1520222500,s2-eth1,246782.00,12188.00,258970.00,12188,246782,163.00,156.00,319.00,156,163,0.00,0.00,0,0
1520222500,lo,0.00,0.00,0.00,0,0,0.00,0.00,0.00,0,0,0.00,0.00,0,0
1520222500,s3-eth2,1998.00,83270.00,85268.00,83270,1998,27.00,55.00,82.00,55,27,0.00,0.00,0,0
1520222500,s3-eth1,71158.00,1998.00,73156.00,1998,71158,47.00,27.00,74.00,27,47,0.00,0.00,0,0
1520222500,total,332468.00,359438.00,691906.00,359438,332468,394.00,412.00,806.00,412,394,0.00,0.00,0,0
1520222501,s1,0.00,0.00,0.00,0,0,0.00,0.00,0.00,0,0,0.00,0.00,0,0
1520222501,eth0,0.00,60.00,60.00,60,0,0.00,1.00,1.00,1,0,0.00,0.00,0,0
1520222501,eth1,0.00,0.00,0.00,0,0,0.00,0.00,0.00,0,0,0.00,0.00,0,0
1520222501,s2,0.00,0.00,0.00,0,0,0.00,0.00,0.00,0,0,0.00,0.00,0,0
1520222501,s1-eth2,0.00,0.00,0.00,0,0,0.00,0.00,0.00,0,0,0.00,0.00,0,0
1520222501,s3,0.00,0.00,0.00,0,0,0.00,0.00,0.00,0,0,0.00,0.00,0,0
1520222501,s2-eth2,11930.00,255866.00,267796.00,255866,11930,157.00,169.00,326.00,169,157,0.00,0.00,0,0
1520222501,s2-eth1,251324.00,12004.00,263328.00,12004,251324,166.00,158.00,324.00,158,166,0.00,0.00,0,0
1520222501,lo,568.00,568.00,1136.00,568,568,10.00,10.00,20.00,10,10,0.00,0.00,0,0
1520222501,s3-eth2,2664.00,84784.00,87448.00,84784,2664,36.00,56.00,92.00,56,36,0.00,0.00,0,0
1520222501,s3-eth1,96896.00,2664.00,99560.00,2664,96896,64.00,36.00,100.00,36,64,0.00,0.00,0,0
1520222501,total,363382.00,355946.00,719328.00,355946,363382,433.00,430.00,863.00,430,433,0.00,0.00,0,0
1520222502,s1,0.00,0.00,0.00,0,0,0.00,0.00,0.00,0,0,0.00,0.00,0,0
1520222502,eth0,86.00,138.00,224.00,138,86,1.00,2.00,3.00,2,1,0.00,0.00,0,0
1520222502,eth1,0.00,0.00,0.00,0,0,0.00,0.00,0.00,0,0,0.00,0.00,0,0
1520222502,s2,0.00,0.00,0.00,0,0,0.00,0.00,0.00,0,0,0.00,0.00,0,0
1520222502,s1-eth2,0.00,0.00,0.00,0,0,0.00,0.00,0.00,0,0,0.00,0.00,0,0
1520222502,s3,0.00,0.00,0.00,0,0,0.00,0.00,0.00,0,0,0.00,0.00,0,0
1520222502,s2-eth2,11904.00,257380.00,269284.00,257380,11904,156.00,170.00,326.00,170,156,0.00,0.00,0,0
1520222502,s2-eth1,249810.00,11830.00,261640.00,11830,249810,165.00,155.00,320.00,155,165,0.00,0.00,0,0
1520222502,lo,0.00,0.00,0.00,0,0,0.00,0.00,0.00,0,0,0.00,0.00,0,0
1520222502,s3-eth2,4292.00,122634.00,126926.00,122634,4292,58.00,81.00,139.00,81,58,0.00,0.00,0,0
1520222502,s3-eth1,107494.00,4292.00,111786.00,4292,107494,71.00,58.00,129.00,58,71,0.00,0.00,0,0
1520222502,total,373586.00,396274.00,769860.00,396274,373586,451.00,466.00,917.00,466,451,0.00,0.00,0,0
1520222503,s1,0.00,0.00,0.00,0,0,0.00,0.00,0.00,0,0,0.00,0.00,0,0
1520222503,eth0,0.00,60.00,60.00,60,0,0.00,1.00,1.00,1,0,0.00,0.00,0,0
1520222503,eth1,0.00,0.00,0.00,0,0,0.00,0.00,0.00,0,0,0.00,0.00,0,0
1520222503,s2,0.00,0.00,0.00,0,0,0.00,0.00,0.00,0,0,0.00,0.00,0,0
1520222503,s1-eth2,0.00,1514.00,1514.00,1514,0,0.00,1.00,1.00,1,0,0.00,0.00,0,0
1520222503,s3,0.00,0.00,0.00,0,0,0.00,0.00,0.00,0,0,0.00,0.00,0,0
1520222503,s2-eth2,12970.00,254352.00,267322.00,254352,12970,165.00,168.00,333.00,168,165,0.00,0.00,0,0
1520222503,s2-eth1,249810.00,12628.00,262438.00,12628,249810,165.00,164.00,329.00,164,165,0.00,0.00,0,0
1520222503,lo,0.00,0.00,0.00,0,0,0.00,0.00,0.00,0,0,0.00,0.00,0,0
1520222503,s3-eth2,5414.00,145344.00,150758.00,145344,5414,73.00,96.00,169.00,96,73,0.00,0.00,0,0
1520222503,s3-eth1,148372.00,5414.00,153786.00,5414,148372,98.00,73.00,171.00,73,98,0.00,0.00,0,0
1520222503,total,416566.00,419312.00,835878.00,419312,416566,501.00,503.00,1004.00,503,501,0.00,0.00,0,0
1520222504,s1,0.00,0.00,0.00,0,0,0.00,0.00,0.00,0,0,0.00,0.00,0,0
1520222504,eth0,0.00,60.00,60.00,60,0,0.00,1.00,1.00,1,0,0.00,0.00,0,0
1520222504,eth1,0.00,0.00,0.00,0,0,0.00,0.00,0.00,0,0,0.00,0.00,0,0
1520222504,s2,0.00,0.00,0.00,0,0,0.00,0.00,0.00,0,0,0.00,0.00,0,0
1520222504,s1-eth2,0.00,0.00,0.00,0,0,0.00,0.00,0.00,0,0,0.00,0.00,0,0
1520222504,s3,0.00,0.00,0.00,0,0,0.00,0.00,0.00,0,0,0.00,0.00,0,0
1520222504,s2-eth2,12496.00,258894.00,271390.00,258894,12496,162.00,171.00,333.00,171,162,0.00,0.00,0,0
1520222504,s2-eth1,249810.00,12496.00,262306.00,12496,249810,165.00,162.00,327.00,162,165,0.00,0.00,0,0
1520222504,lo,0.00,0.00,0.00,0,0,0.00,0.00,0.00,0,0,0.00,0.00,0,0
1520222504,s3-eth2,6180.00,140802.00,146982.00,140802,6180,78.00,93.00,171.00,93,78,0.00,0.00,0,0
1520222504,s3-eth1,134746.00,6180.00,140926.00,6180,134746,89.00,78.00,167.00,78,89,0.00,0.00,0,0
1520222504,total,403232.00,418432.00,821664.00,418432,403232,494.00,505.00,999.00,505,494,0.00,0.00,0,0
1520222505,s1,0.00,0.00,0.00,0,0,0.00,0.00,0.00,0,0,0.00,0.00,0,0
1520222505,eth0,0.00,60.00,60.00,60,0,0.00,1.00,1.00,1,0,0.00,0.00,0,0
1520222505,eth1,0.00,0.00,0.00,0,0,0.00,0.00,0.00,0,0,0.00,0.00,0,0
1520222505,s2,0.00,0.00,0.00,0,0,0.00,0.00,0.00,0,0,0.00,0.00,0,0
1520222505,s1-eth2,0.00,0.00,0.00,0,0,0.00,0.00,0.00,0,0,0.00,0.00,0,0
1520222505,s3,0.00,0.00,0.00,0,0,0.00,0.00,0.00,0,0,0.00,0.00,0,0
1520222505,s2-eth2,12226.00,263436.00,275662.00,263436,12226,159.00,174.00,333.00,174,159,0.00,0.00,0,0
1520222505,s2-eth1,243754.00,12226.00,255980.00,12226,243754,161.00,159.00,320.00,159,161,0.00,0.00,0,0
1520222505,lo,0.00,0.00,0.00,0,0,0.00,0.00,0.00,0,0,0.00,0.00,0,0
1520222505,s3-eth2,4116.00,122634.00,126750.00,122634,4116,54.00,81.00,135.00,81,54,0.00,0.00,0,0
1520222505,s3-eth1,133232.00,4116.00,137348.00,4116,133232,88.00,54.00,142.00,54,88,0.00,0.00,0,0
1520222505,total,393328.00,402472.00,795800.00,402472,393328,462.00,469.00,931.00,469,462,0.00,0.00,0,0
1520222506,s1,0.00,0.00,0.00,0,0,0.00,0.00,0.00,0,0,0.00,0.00,0,0
1520222506,eth0,0.00,0.00,0.00,0,0,0.00,0.00,0.00,0,0,0.00,0.00,0,0
1520222506,eth1,0.00,0.00,0.00,0,0,0.00,0.00,0.00,0,0,0.00,0.00,0,0
1520222506,s2,0.00,0.00,0.00,0,0,0.00,0.00,0.00,0,0,0.00,0.00,0,0
1520222506,s1-eth2,0.00,0.00,0.00,0,0,0.00,0.00,0.00,0,0,0.00,0.00,0,0
1520222506,s3,0.00,0.00,0.00,0,0,0.00,0.00,0.00,0,0,0.00,0.00,0,0
1520222506,s2-eth2,12384.00,255866.00,268250.00,255866,12384,162.00,169.00,331.00,169,162,0.00,0.00,0,0
1520222506,s2-eth1,249810.00,12384.00,262194.00,12384,249810,165.00,162.00,327.00,162,165,0.00,0.00,0,0
1520222506,lo,516.00,516.00,1032.00,516,516,9.00,9.00,18.00,9,9,0.00,0.00,0,0
1520222506,s3-eth2,5320.00,128690.00,134010.00,128690,5320,68.00,85.00,153.00,85,68,0.00,0.00,0,0
1520222506,s3-eth1,113550.00,5320.00,118870.00,5320,113550,75.00,68.00,143.00,68,75,0.00,0.00,0,0
1520222506,total,381580.00,402776.00,784356.00,402776,381580,479.00,493.00,972.00,493,479,0.00,0.00,0,0
1520222507,s1,0.00,0.00,0.00,0,0,0.00,0.00,0.00,0,0,0.00,0.00,0,0
1520222507,eth0,152.00,245.00,397.00,245,152,2.00,2.00,4.00,2,2,0.00,0.00,0,0
1520222507,eth1,0.00,0.00,0.00,0,0,0.00,0.00,0.00,0,0,0.00,0.00,0,0
1520222507,s2,0.00,0.00,0.00,0,0,0.00,0.00,0.00,0,0,0.00,0.00,0,0
1520222507,s1-eth2,0.00,0.00,0.00,0,0,0.00,0.00,0.00,0,0,0.00,0.00,0,0
1520222507,s3,0.00,0.00,0.00,0,0,0.00,0.00,0.00,0,0,0.00,0.00,0,0
1520222507,s2-eth2,1332.00,31794.00,33126.00,31794,1332,18.00,21.00,39.00,21,18,0.00,0.00,0,0
1520222507,lo,509.00,509.00,1018.00,509,509,6.00,6.00,12.00,6,6,0.00,0.00,0,0
1520222507,s3-eth2,4634.00,99924.00,104558.00,99924,4634,59.00,66.00,125.00,66,59,0.00,0.00,0,0
1520222507,s3-eth1,105980.00,4634.00,110614.00,4634,105980,70.00,59.00,129.00,59,70,0.00,0.00,0,0
1520222507,total,18446744073709551616.00,18446744073709551616.00,18446744073709551616.00,18446744073709325527,18446744073702268532,18446744073709547520.00,18446744073709547520.00,18446744073709541376.00,18446744073709547056,18446744073709546847,0.00,0.00,0,0
1520222508,s1,0.00,0.00,0.00,0,0,0.00,0.00,0.00,0,0,0.00,0.00,0,0
1520222508,eth0,152.00,245.00,397.00,245,152,2.00,2.00,4.00,2,2,0.00,0.00,0,0
1520222508,eth1,0.00,0.00,0.00,0,0,0.00,0.00,0.00,0,0,0.00,0.00,0,0
1520222508,s2,0.00,0.00,0.00,0,0,0.00,0.00,0.00,0,0,0.00,0.00,0,0
1520222508,s1-eth2,0.00,0.00,0.00,0,0,0.00,0.00,0.00,0,0,0.00,0.00,0,0
1520222508,s3,0.00,0.00,0.00,0,0,0.00,0.00,0.00,0,0,0.00,0.00,0,0
1520222508,s2-eth2,0.00,0.00,0.00,0,0,0.00,0.00,0.00,0,0,0.00,0.00,0,0
1520222508,lo,341.00,341.00,682.00,341,341,4.00,4.00,8.00,4,4,0.00,0.00,0,0
1520222508,s3-eth2,3412.00,105980.00,109392.00,105980,3412,44.00,70.00,114.00,70,44,0.00,0.00,0,0
1520222508,s3-eth1,104466.00,3486.00,107952.00,3486,104466,69.00,45.00,114.00,45,69,0.00,0.00,0,0
1520222508,total,108371.00,110052.00,218423.00,110052,108371,119.00,121.00,240.00,121,119,0.00,0.00,0,0
1520222509,s1,0.00,0.00,0.00,0,0,0.00,0.00,0.00,0,0,0.00,0.00,0,0
1520222509,eth0,0.00,0.00,0.00,0,0,0.00,0.00,0.00,0,0,0.00,0.00,0,0
1520222509,eth1,0.00,0.00,0.00,0,0,0.00,0.00,0.00,0,0,0.00,0.00,0,0
1520222509,s2,0.00,0.00,0.00,0,0,0.00,0.00,0.00,0,0,0.00,0.00,0,0
1520222509,s1-eth2,0.00,0.00,0.00,0,0,0.00,0.00,0.00,0,0,0.00,0.00,0,0
1520222509,s3,0.00,0.00,0.00,0,0,0.00,0.00,0.00,0,0,0.00,0.00,0,0
1520222509,s2-eth2,0.00,1514.00,1514.00,1514,0,0.00,1.00,1.00,1,0,0.00,0.00,0,0
1520222509,lo,0.00,0.00,0.00,0,0,0.00,0.00,0.00,0,0,0.00,0.00,0,0
1520222509,s3-eth2,3484.00,72672.00,76156.00,72672,3484,44.00,48.00,92.00,48,44,0.00,0.00,0,0
1520222509,s3-eth1,72672.00,3484.00,76156.00,3484,72672,48.00,44.00,92.00,44,48,0.00,0.00,0,0
1520222509,total,76156.00,77670.00,153826.00,77670,76156,92.00,93.00,185.00,93,92,0.00,0.00,0,0
1520222510,s1,0.00,0.00,0.00,0,0,0.00,0.00,0.00,0,0,0.00,0.00,0,0
1520222510,eth0,0.00,60.00,60.00,60,0,0.00,1.00,1.00,1,0,0.00,0.00,0,0
1520222510,eth1,0.00,0.00,0.00,0,0,0.00,0.00,0.00,0,0,0.00,0.00,0,0
1520222510,s2,0.00,0.00,0.00,0,0,0.00,0.00,0.00,0,0,0.00,0.00,0,0
1520222510,s1-eth2,0.00,1514.00,1514.00,1514,0,0.00,1.00,1.00,1,0,0.00,0.00,0,0
1520222510,s3,0.00,0.00,0.00,0,0,0.00,0.00,0.00,0,0,0.00,0.00,0,0
1520222510,s2-eth2,0.00,0.00,0.00,0,0,0.00,0.00,0.00,0,0,0.00,0.00,0,0
1520222510,lo,0.00,0.00,0.00,0,0,0.00,0.00,0.00,0,0,0.00,0.00,0,0
1520222510,s3-eth2,2686.00,57532.00,60218.00,57532,2686,35.00,38.00,73.00,38,35,0.00,0.00,0,0
1520222510,s3-eth1,52990.00,2612.00,55602.00,2612,52990,35.00,34.00,69.00,34,35,0.00,0.00,0,0
1520222510,total,55676.00,61718.00,117394.00,61718,55676,70.00,74.00,144.00,74,70,0.00,0.00,0,0
1520222511,s1,0.00,0.00,0.00,0,0,0.00,0.00,0.00,0,0,0.00,0.00,0,0
1520222511,eth0,0.00,0.00,0.00,0,0,0.00,0.00,0.00,0,0,0.00,0.00,0,0
1520222511,eth1,0.00,0.00,0.00,0,0,0.00,0.00,0.00,0,0,0.00,0.00,0,0
1520222511,s2,0.00,0.00,0.00,0,0,0.00,0.00,0.00,0,0,0.00,0.00,0,0
1520222511,s1-eth2,0.00,0.00,0.00,0,0,0.00,0.00,0.00,0,0,0.00,0.00,0,0
1520222511,s3,0.00,0.00,0.00,0,0,0.00,0.00,0.00,0,0,0.00,0.00,0,0
1520222511,s2-eth2,0.00,1514.00,1514.00,1514,0,0.00,1.00,1.00,1,0,0.00,0.00,0,0
1520222511,lo,568.00,568.00,1136.00,568,568,10.00,10.00,20.00,10,10,0.00,0.00,0,0
1520222511,s3-eth2,2284.00,57574.00,59858.00,57574,2284,30.00,39.00,69.00,39,30,0.00,0.00,0,0
1520222511,s3-eth1,56060.00,2284.00,58344.00,2284,56060,38.00,30.00,68.00,30,38,0.00,0.00,0,0
1520222511,total,58912.00,61940.00,120852.00,61940,58912,78.00,80.00,158.00,80,78,0.00,0.00,0,0
1520222512,s1,0.00,0.00,0.00,0,0,0.00,0.00,0.00,0,0,0.00,0.00,0,0
1520222512,eth0,60.00,60.00,120.00,60,60,1.00,1.00,2.00,1,1,0.00,0.00,0,0
1520222512,eth1,0.00,0.00,0.00,0,0,0.00,0.00,0.00,0,0,0.00,0.00,0,0
1520222512,s2,0.00,0.00,0.00,0,0,0.00,0.00,0.00,0,0,0.00,0.00,0,0
1520222512,s1-eth2,0.00,0.00,0.00,0,0,0.00,0.00,0.00,0,0,0.00,0.00,0,0
1520222512,s3,0.00,0.00,0.00,0,0,0.00,0.00,0.00,0,0,0.00,0.00,0,0
1520222512,s2-eth2,0.00,0.00,0.00,0,0,0.00,0.00,0.00,0,0,0.00,0.00,0,0
1520222512,lo,0.00,0.00,0.00,0,0,0.00,0.00,0.00,0,0,0.00,0.00,0,0
1520222512,s3-eth2,2094.00,59046.00,61140.00,59046,2094,27.00,39.00,66.00,39,27,0.00,0.00,0,0
1520222512,s3-eth1,59046.00,2094.00,61140.00,2094,59046,39.00,27.00,66.00,27,39,0.00,0.00,0,0
1520222512,total,61200.00,61200.00,122400.00,61200,61200,67.00,67.00,134.00,67,67,0.00,0.00,0,0
1520222513,s1,0.00,0.00,0.00,0,0,0.00,0.00,0.00,0,0,0.00,0.00,0,0
1520222513,eth0,304.00,490.00,794.00,490,304,4.00,4.00,8.00,4,4,0.00,0.00,0,0
1520222513,eth1,0.00,0.00,0.00,0,0,0.00,0.00,0.00,0,0,0.00,0.00,0,0
1520222513,s2,0.00,0.00,0.00,0,0,0.00,0.00,0.00,0,0,0.00,0.00,0,0
1520222513,s1-eth2,0.00,0.00,0.00,0,0,0.00,0.00,0.00,0,0,0.00,0.00,0,0
1520222513,s3,0.00,0.00,0.00,0,0,0.00,0.00,0.00,0,0,0.00,0.00,0,0
1520222513,s2-eth2,0.00,0.00,0.00,0,0,0.00,0.00,0.00,0,0,0.00,0.00,0,0
1520222513,lo,682.00,682.00,1364.00,682,682,8.00,8.00,16.00,8,8,0.00,0.00,0,0
1520222513,s3-eth2,1992.00,52990.00,54982.00,52990,1992,26.00,35.00,61.00,35,26,0.00,0.00,0,0
1520222513,s3-eth1,55014.00,1992.00,57006.00,1992,55014,39.00,26.00,65.00,26,39,0.00,0.00,0,0
1520222513,total,57992.00,56154.00,114146.00,56154,57992,77.00,73.00,150.00,73,77,0.00,0.00,0,0
1520222514,s1,0.00,0.00,0.00,0,0,0.00,0.00,0.00,0,0,0.00,0.00,0,0
1520222514,eth0,456.00,795.00,1251.00,795,456,6.00,7.00,13.00,7,6,0.00,0.00,0,0
1520222514,eth1,0.00,0.00,0.00,0,0,0.00,0.00,0.00,0,0,0.00,0.00,0,0
1520222514,s2,0.00,0.00,0.00,0,0,0.00,0.00,0.00,0,0,0.00,0.00,0,0
1520222514,s1-eth2,510.00,0.00,510.00,0,510,3.00,0.00,3.00,0,3,0.00,0.00,0,0
1520222514,s3,0.00,0.00,0.00,0,0,0.00,0.00,0.00,0,0,0.00,0.00,0,0
1520222514,s2-eth2,432.00,0.00,432.00,0,432,2.00,0.00,2.00,0,2,0.00,0.00,0,0
1520222514,lo,1023.00,1023.00,2046.00,1023,1023,12.00,12.00,24.00,12,12,0.00,0.00,0,0
1520222514,s3-eth2,2758.00,43906.00,46664.00,43906,2758,31.00,29.00,60.00,29,31,0.00,0.00,0,0
1520222514,s3-eth1,38100.00,2158.00,40258.00,2158,38100,28.00,27.00,55.00,27,28,0.00,0.00,0,0
1520222514,total,43279.00,47882.00,91161.00,47882,43279,82.00,75.00,157.00,75,82,0.00,0.00,0,0
1520222515,s1,0.00,0.00,0.00,0,0,0.00,0.00,0.00,0,0,0.00,0.00,0,0
1520222515,eth0,303.70,549.45,853.15,550,304,4.00,5.00,8.99,5,4,0.00,0.00,0,0
1520222515,eth1,0.00,0.00,0.00,0,0,0.00,0.00,0.00,0,0,0.00,0.00,0,0
1520222515,s2,0.00,0.00,0.00,0,0,0.00,0.00,0.00,0,0,0.00,0.00,0,0
1520222515,s1-eth2,339.66,0.00,339.66,0,340,4.00,0.00,4.00,0,4,0.00,0.00,0,0
1520222515,s3,0.00,0.00,0.00,0,0,0.00,0.00,0.00,0,0,0.00,0.00,0,0
1520222515,s2-eth2,167.83,1512.49,1680.32,1514,168,2.00,1.00,3.00,1,2,0.00,0.00,0,0
1520222515,lo,681.32,681.32,1362.64,682,682,7.99,7.99,15.98,8,8,0.00,0.00,0,0
1520222515,s3-eth2,1946.05,54449.55,56395.61,54504,1948,25.97,35.96,61.94,36,26,0.00,0.00,0,0
1520222515,s3-eth1,57564.44,1786.21,59350.65,1788,57622,38.96,23.98,62.94,24,39,0.00,0.00,0,0
1520222515,total,61003.00,58979.02,119982.02,59038,61064,82.92,73.93,156.84,74,83,0.00,0.00,0,0
1520222516,s1,0.00,0.00,0.00,0,0,0.00,0.00,0.00,0,0,0.00,0.00,0,0
1520222516,eth0,151.85,304.70,456.54,305,152,2.00,3.00,5.00,3,2,0.00,0.00,0,0
1520222516,eth1,0.00,0.00,0.00,0,0,0.00,0.00,0.00,0,0,0.00,0.00,0,0
1520222516,s2,0.00,0.00,0.00,0,0,0.00,0.00,0.00,0,0,0.00,0.00,0,0
1520222516,s1-eth2,0.00,0.00,0.00,0,0,0.00,0.00,0.00,0,0,0.00,0.00,0,0
1520222516,s3,0.00,0.00,0.00,0,0,0.00,0.00,0.00,0,0,0.00,0.00,0,0
1520222516,s2-eth2,250.00,0.00,250.00,0,250,3.00,0.00,3.00,0,3,0.00,0.00,0,0
1520222516,lo,857.00,857.00,1714.00,857,857,13.00,13.00,26.00,13,13,0.00,0.00,0,0
1520222516,s3-eth2,1940.00,72672.00,74612.00,72672,1940,26.00,48.00,74.00,48,26,0.00,0.00,0,0
1520222516,s3-eth1,63930.00,1850.00,65780.00,1850,63930,43.00,25.00,68.00,25,43,0.00,0.00,0,0
1520222516,total,67129.00,75684.00,142813.00,75684,67129,87.00,89.00,176.00,89,87,0.00,0.00,0,0
1520222517,s1,0.00,0.00,0.00,0,0,0.00,0.00,0.00,0,0,0.00,0.00,0,0
1520222517,eth0,303.70,489.51,793.21,490,304,4.00,4.00,7.99,4,4,0.00,0.00,0,0
1520222517,eth1,0.00,0.00,0.00,0,0,0.00,0.00,0.00,0,0,0.00,0.00,0,0
1520222517,s2,0.00,0.00,0.00,0,0,0.00,0.00,0.00,0,0,0.00,0.00,0,0
1520222517,s1-eth2,341.66,0.00,341.66,0,342,1.00,0.00,1.00,0,1,0.00,0.00,0,0
1520222517,s3,0.00,0.00,0.00,0,0,0.00,0.00,0.00,0,0,0.00,0.00,0,0
1520222517,s2-eth2,341.66,0.00,341.66,0,342,1.00,0.00,1.00,0,1,0.00,0.00,0,0
1520222517,s2-eth1,689.31,0.00,689.31,0,690,5.00,0.00,5.00,0,5,0.00,0.00,0,0
1520222517,lo,849.15,849.15,1698.30,850,850,9.99,9.99,19.98,10,10,0.00,0.00,0,0
1520222517,s3-eth2,2459.54,77136.87,79596.41,77214,2462,28.97,50.95,79.92,51,29,0.00,0.00,0,0
1520222517,s3-eth1,83186.81,2117.88,85304.70,2120,83270,54.95,27.97,82.92,28,55,0.00,0.00,0,0
1520222517,total,7503698.50,444755.25,7948454.00,445200,7511202,5040.96,4819.18,9860.14,4824,5046,0.00,0.00,0,0
1520222518,s1,0.00,0.00,0.00,0,0,0.00,0.00,0.00,0,0,0.00,0.00,0,0
1520222518,eth0,400.00,678.00,1078.00,678,400,5.00,6.00,11.00,6,5,0.00,0.00,0,0
1520222518,eth1,0.00,0.00,0.00,0,0,0.00,0.00,0.00,0,0,0.00,0.00,0,0
1520222518,s2,0.00,0.00,0.00,0,0,0.00,0.00,0.00,0,0,0.00,0.00,0,0
1520222518,s1-eth2,0.00,0.00,0.00,0,0,0.00,0.00,0.00,0,0,0.00,0.00,0,0
1520222518,s3,0.00,0.00,0.00,0,0,0.00,0.00,0.00,0,0,0.00,0.00,0,0
1520222518,s2-eth2,0.00,0.00,0.00,0,0,0.00,0.00,0.00,0,0,0.00,0.00,0,0
1520222518,s2-eth1,160.00,0.00,160.00,0,160,2.00,0.00,2.00,0,2,0.00,0.00,0,0
1520222518,lo,682.00,682.00,1364.00,682,682,8.00,8.00,16.00,8,8,0.00,0.00,0,0
1520222518,s3-eth2,2936.00,83270.00,86206.00,83270,2936,38.00,55.00,93.00,55,38,0.00,0.00,0,0
1520222518,s3-eth1,71228.00,2936.00,74164.00,2936,71228,48.00,38.00,86.00,38,48,0.00,0.00,0,0
1520222518,total,75406.00,87566.00,162972.00,87566,75406,101.00,107.00,208.00,107,101,0.00,0.00,0,0
1520222519,s1,0.00,0.00,0.00,0,0,0.00,0.00,0.00,0,0,0.00,0.00,0,0
1520222519,eth0,152.00,305.00,457.00,305,152,2.00,3.00,5.00,3,2,0.00,0.00,0,0
1520222519,eth1,0.00,0.00,0.00,0,0,0.00,0.00,0.00,0,0,0.00,0.00,0,0
1520222519,s2,0.00,0.00,0.00,0,0,0.00,0.00,0.00,0,0,0.00,0.00,0,0
1520222519,s1-eth2,69.93,0.00,69.93,0,70,1.00,0.00,1.00,0,1,0.00,0.00,0,0
1520222519,s3,0.00,0.00,0.00,0,0,0.00,0.00,0.00,0,0,0.00,0.00,0,0
1520222519,s2-eth2,0.00,0.00,0.00,0,0,0.00,0.00,0.00,0,0,0.00,0.00,0,0
1520222519,s2-eth1,89.91,0.00,89.91,0,90,1.00,0.00,1.00,0,1,0.00,0.00,0,0
1520222519,lo,340.66,340.66,681.32,341,341,4.00,4.00,7.99,4,4,0.00,0.00,0,0
1520222519,s3-eth2,2777.22,71086.91,73864.14,71158,2780,35.96,46.95,82.92,47,36,0.00,0.00,0,0
1520222519,s3-eth1,80161.84,2707.29,82869.13,2710,80242,52.95,34.97,87.91,35,53,0.00,0.00,0,0
1520222519,total,83591.41,74439.56,158030.97,74514,83675,96.90,88.91,185.81,89,97,0.00,0.00,0,0
1520222520,s1,0.00,0.00,0.00,0,0,0.00,0.00,0.00,0,0,0.00,0.00,0,0
1520222520,eth0,0.00,59.94,59.94,60,0,0.00,1.00,1.00,1,0,0.00,0.00,0,0
1520222520,eth1,0.00,0.00,0.00,0,0,0.00,0.00,0.00,0,0,0.00,0.00,0,0
1520222520,s2,0.00,0.00,0.00,0,0,0.00,0.00,0.00,0,0,0.00,0.00,0,0
1520222520,s1-eth2,0.00,0.00,0.00,0,0,0.00,0.00,0.00,0,0,0.00,0.00,0,0
1520222520,s3,0.00,0.00,0.00,0,0,0.00,0.00,0.00,0,0,0.00,0.00,0,0
1520222520,s2-eth2,70.00,0.00,70.00,0,70,1.00,0.00,1.00,0,1,0.00,0.00,0,0
1520222520,s2-eth1,342.00,0.00,342.00,0,342,1.00,0.00,1.00,0,1,0.00,0.00,0,0
1520222520,lo,0.00,0.00,0.00,0,0,0.00,0.00,0.00,0,0,0.00,0.00,0,0
1520222520,s3-eth2,2710.00,87812.00,90522.00,87812,2710,33.00,58.00,91.00,58,33,0.00,0.00,0,0
1520222520,s3-eth1,77214.00,2368.00,79582.00,2368,77214,51.00,32.00,83.00,32,51,0.00,0.00,0,0
1520222520,total,80336.00,90240.00,170576.00,90240,80336,86.00,91.00,177.00,91,86,0.00,0.00,0,0
1520222521,s1,0.00,0.00,0.00,0,0,0.00,0.00,0.00,0,0,0.00,0.00,0,0
1520222521,eth0,0.00,0.00,0.00,0,0,0.00,0.00,0.00,0,0,0.00,0.00,0,0
1520222521,eth1,0.00,0.00,0.00,0,0,0.00,0.00,0.00,0,0,0.00,0.00,0,0
1520222521,s2,0.00,0.00,0.00,0,0,0.00,0.00,0.00,0,0,0.00,0.00,0,0
1520222521,s1-eth2,0.00,0.00,0.00,0,0,0.00,0.00,0.00,0,0,0.00,0.00,0,0
1520222521,s3,0.00,0.00,0.00,0,0,0.00,0.00,0.00,0,0,0.00,0.00,0,0
1520222521,s2-eth2,342.00,0.00,342.00,0,342,1.00,0.00,1.00,0,1,0.00,0.00,0,0
1520222521,s2-eth1,0.00,0.00,0.00,0,0,0.00,0.00,0.00,0,0,0.00,0.00,0,0
1520222521,lo,568.00,568.00,1136.00,568,568,10.00,10.00,20.00,10,10,0.00,0.00,0,0
1520222521,s3-eth2,2858.00,71158.00,74016.00,71158,2858,37.00,47.00,84.00,47,37,0.00,0.00,0,0
1520222521,s3-eth1,77556.00,2858.00,80414.00,2858,77556,52.00,37.00,89.00,37,52,0.00,0.00,0,0
1520222521,total,81324.00,74584.00,155908.00,74584,81324,100.00,94.00,194.00,94,100,0.00,0.00,0,0
1520222522,s1,0.00,0.00,0.00,0,0,0.00,0.00,0.00,0,0,0.00,0.00,0,0
1520222522,eth0,0.00,0.00,0.00,0,0,0.00,0.00,0.00,0,0,0.00,0.00,0,0
1520222522,eth1,0.00,0.00,0.00,0,0,0.00,0.00,0.00,0,0,0.00,0.00,0,0
1520222522,s2,0.00,0.00,0.00,0,0,0.00,0.00,0.00,0,0,0.00,0.00,0,0
1520222522,s1-eth2,341.66,0.00,341.66,0,342,1.00,0.00,1.00,0,1,0.00,0.00,0,0
1520222522,s3,0.00,0.00,0.00,0,0,0.00,0.00,0.00,0,0,0.00,0.00,0,0
1520222522,s2-eth2,0.00,0.00,0.00,0,0,0.00,0.00,0.00,0,0,0.00,0.00,0,0
1520222522,s2-eth1,69.93,0.00,69.93,0,70,1.00,0.00,1.00,0,1,0.00,0.00,0,0
1520222522,lo,0.00,0.00,0.00,0,0,0.00,0.00,0.00,0,0,0.00,0.00,0,0
1520222522,s3-eth2,2291.71,87724.28,90015.98,87812,2294,30.97,57.94,88.91,58,31,0.00,0.00,0,0
1520222522,s3-eth1,83256.74,2291.71,85548.45,2294,83340,55.94,30.97,86.91,31,56,0.00,0.00,0,0
1520222522,total,85960.04,90015.98,175976.03,90106,86046,88.91,88.91,177.82,89,89,0.00,0.00,0,0
1520222523,s1,0.00,0.00,0.00,0,0,0.00,0.00,0.00,0,0,0.00,0.00,0,0
1520222523,eth0,0.00,0.00,0.00,0,0,0.00,0.00,0.00,0,0,0.00,0.00,0,0
1520222523,eth1,0.00,0.00,0.00,0,0,0.00,0.00,0.00,0,0,0.00,0.00,0,0
1520222523,s2,0.00,42.00,42.00,42,0,0.00,1.00,1.00,1,0,0.00,0.00,0,0
1520222523,s1-eth2,70.00,1514.00,1584.00,1514,70,1.00,1.00,2.00,1,1,0.00,0.00,0,0
1520222523,s3,0.00,0.00,0.00,0,0,0.00,0.00,0.00,0,0,0.00,0.00,0,0
1520222523,s2-eth2,4674.00,110564.00,115238.00,110564,4674,61.00,74.00,135.00,74,61,0.00,0.00,0,0
1520222523,s2-eth1,99966.00,4674.00,104640.00,4674,99966,67.00,61.00,128.00,61,67,0.00,0.00,0,0
1520222523,lo,240.00,240.00,480.00,240,240,3.00,3.00,6.00,3,3,0.00,0.00,0,0
1520222523,s3-eth2,2868.00,75700.00,78568.00,75700,2868,36.00,50.00,86.00,50,36,0.00,0.00,0,0
1520222523,s3-eth1,78649.35,2795.20,81444.55,2798,78728,51.95,34.97,86.91,35,52,0.00,0.00,0,0
1520222523,total,186359.64,195336.67,381696.31,195532,186546,219.78,224.78,444.56,225,220,0.00,0.00,0,0
1520222524,s1,0.00,0.00,0.00,0,0,0.00,0.00,0.00,0,0,0.00,0.00,0,0
1520222524,eth0,0.00,0.00,0.00,0,0,0.00,0.00,0.00,0,0,0.00,0.00,0,0
1520222524,eth1,0.00,0.00,0.00,0,0,0.00,0.00,0.00,0,0,0.00,0.00,0,0
1520222524,s2,0.00,0.00,0.00,0,0,0.00,0.00,0.00,0,0,0.00,0.00,0,0
1520222524,s1-eth2,0.00,0.00,0.00,0,0,0.00,0.00,0.00,0,0,0.00,0.00,0,0
1520222524,s3,0.00,0.00,0.00,0,0,0.00,0.00,0.00,0,0,0.00,0.00,0,0
1520222524,s2-eth2,11986.00,266464.00,278450.00,266464,11986,159.00,176.00,335.00,176,159,0.00,0.00,0,0
1520222524,s2-eth1,249810.00,11916.00,261726.00,11916,249810,165.00,158.00,323.00,158,165,0.00,0.00,0,0
1520222524,lo,0.00,0.00,0.00,0,0,0.00,0.00,0.00,0,0,0.00,0.00,0,0
1520222524,s3-eth2,2562.00,62074.00,64636.00,62074,2562,33.00,41.00,74.00,41,33,0.00,0.00,0,0
1520222524,s3-eth1,52990.00,2562.00,55552.00,2562,52990,35.00,33.00,68.00,33,35,0.00,0.00,0,0
1520222524,total,317348.00,343016.00,660364.00,343016,317348,392.00,408.00,800.00,408,392,0.00,0.00,0,0
1520222525,s1,0.00,0.00,0.00,0,0,0.00,0.00,0.00,0,0,0.00,0.00,0,0
1520222525,eth0,0.00,0.00,0.00,0,0,0.00,0.00,0.00,0,0,0.00,0.00,0,0
1520222525,eth1,0.00,0.00,0.00,0,0,0.00,0.00,0.00,0,0,0.00,0.00,0,0
1520222525,s2,0.00,0.00,0.00,0,0,0.00,0.00,0.00,0,0,0.00,0.00,0,0
1520222525,s1-eth2,0.00,0.00,0.00,0,0,0.00,0.00,0.00,0,0,0.00,0.00,0,0
1520222525,s3,0.00,0.00,0.00,0,0,0.00,0.00,0.00,0,0,0.00,0.00,0,0
1520222525,s2-eth2,12220.00,248296.00,260516.00,248296,12220,158.00,164.00,322.00,164,158,0.00,0.00,0,0
1520222525,s2-eth1,250152.00,12220.00,262372.00,12220,250152,166.00,158.00,324.00,158,166,0.00,0.00,0,0
1520222525,lo,0.00,0.00,0.00,0,0,0.00,0.00,0.00,0,0,0.00,0.00,0,0
1520222525,s3-eth2,3108.00,78728.00,81836.00,78728,3108,42.00,52.00,94.00,52,42,0.00,0.00,0,0
1520222525,s3-eth1,87812.00,3108.00,90920.00,3108,87812,58.00,42.00,100.00,42,58,0.00,0.00,0,0
1520222525,total,353292.00,342352.00,695644.00,342352,353292,424.00,416.00,840.00,416,424,0.00,0.00,0,0
1520222526,s1,0.00,0.00,0.00,0,0,0.00,0.00,0.00,0,0,0.00,0.00,0,0
1520222526,eth0,0.00,0.00,0.00,0,0,0.00,0.00,0.00,0,0,0.00,0.00,0,0
1520222526,eth1,0.00,0.00,0.00,0,0,0.00,0.00,0.00,0,0,0.00,0.00,0,0
1520222526,s2,0.00,0.00,0.00,0,0,0.00,0.00,0.00,0,0,0.00,0.00,0,0
1520222526,s1-eth2,0.00,0.00,0.00,0,0,0.00,0.00,0.00,0,0,0.00,0.00,0,0
1520222526,s3,0.00,0.00,0.00,0,0,0.00,0.00,0.00,0,0,0.00,0.00,0,0
1520222526,s2-eth2,12440.00,254352.00,266792.00,254352,12440,162.00,168.00,330.00,168,162,0.00,0.00,0,0
1520222526,s2-eth1,249880.00,12440.00,262320.00,12440,249880,166.00,162.00,328.00,162,166,0.00,0.00,0,0
1520222526,lo,344.00,344.00,688.00,344,344,6.00,6.00,12.00,6,6,0.00,0.00,0,0
1520222526,s3-eth2,4066.00,102952.00,107018.00,102952,4066,53.00,68.00,121.00,68,53,0.00,0.00,0,0
1520222526,s3-eth1,86640.00,4066.00,90706.00,4066,86640,58.00,53.00,111.00,53,58,0.00,0.00,0,0
1520222526,total,353370.00,374154.00,727524.00,374154,353370,445.00,457.00,902.00,457,445,0.00,0.00,0,0
1520222527,s1,0.00,0.00,0.00,0,0,0.00,0.00,0.00,0,0,0.00,0.00,0,0
1520222527,eth0,304.00,490.00,794.00,490,304,4.00,4.00,8.00,4,4,0.00,0.00,0,0
1520222527,eth1,0.00,0.00,0.00,0,0,0.00,0.00,0.00,0,0,0.00,0.00,0,0
1520222527,s2,0.00,0.00,0.00,0,0,0.00,0.00,0.00,0,0,0.00,0.00,0,0
1520222527,s1-eth2,342.00,0.00,342.00,0,342,1.00,0.00,1.00,0,1,0.00,0.00,0,0
1520222527,s1-eth1,432.00,0.00,432.00,0,432,2.00,0.00,2.00,0,2,0.00,0.00,0,0
1520222527,s3,0.00,0.00,0.00,0,0,0.00,0.00,0.00,0,0,0.00,0.00,0,0
1520222527,s2-eth2,12104.00,257380.00,269484.00,257380,12104,160.00,170.00,330.00,170,160,0.00,0.00,0,0
1520222527,s2-eth1,249810.00,12104.00,261914.00,12104,249810,165.00,160.00,325.00,160,165,0.00,0.00,0,0
1520222527,lo,1022.00,1022.00,2044.00,1022,1022,13.00,13.00,26.00,13,13,0.00,0.00,0,0
1520222527,s3-eth2,3108.00,95382.00,98490.00,95382,3108,42.00,63.00,105.00,63,42,0.00,0.00,0,0
1520222527,s3-eth1,110522.00,3108.00,113630.00,3108,110522,73.00,42.00,115.00,42,73,0.00,0.00,0,0
1520222527,total,25345224.00,1146352.00,26491576.00,1146352,25345224,17004.00,10949.00,27953.00,10949,17004,0.00,0.00,0,0
1520222528,s1,0.00,0.00,0.00,0,0,0.00,0.00,0.00,0,0,0.00,0.00,0,0
1520222528,eth0,152.00,245.00,397.00,245,152,2.00,2.00,4.00,2,2,0.00,0.00,0,0
1520222528,eth1,0.00,0.00,0.00,0,0,0.00,0.00,0.00,0,0,0.00,0.00,0,0
1520222528,s2,0.00,0.00,0.00,0,0,0.00,0.00,0.00,0,0,0.00,0.00,0,0
1520222528,s1-eth2,42.00,42.00,84.00,42,42,1.00,1.00,2.00,1,1,0.00,0.00,0,0
1520222528,s1-eth1,210.00,42.00,252.00,42,210,3.00,1.00,4.00,1,3,0.00,0.00,0,0
1520222528,s3,0.00,0.00,0.00,0,0,0.00,0.00,0.00,0,0,0.00,0.00,0,0
1520222528,s2-eth2,12712.00,257380.00,270092.00,257380,12712,162.00,170.00,332.00,170,162,0.00,0.00,0,0
1520222528,s2-eth1,249810.00,12444.00,262254.00,12444,249810,165.00,162.00,327.00,162,165,0.00,0.00,0,0
1520222528,lo,341.00,341.00,682.00,341,341,4.00,4.00,8.00,4,4,0.00,0.00,0,0
1520222528,s3-eth2,5160.00,110522.00,115682.00,110522,5160,64.00,73.00,137.00,73,64,0.00,0.00,0,0
1520222528,s3-eth1,92354.00,4818.00,97172.00,4818,92354,61.00,63.00,124.00,63,61,0.00,0.00,0,0
1520222528,total,360781.00,385834.00,746615.00,385834,360781,462.00,476.00,938.00,476,462,0.00,0.00,0,0
1520222529,s1,0.00,0.00,0.00,0,0,0.00,0.00,0.00,0,0,0.00,0.00,0,0
1520222529,eth0,152.00,245.00,397.00,245,152,2.00,2.00,4.00,2,2,0.00,0.00,0,0
1520222529,eth1,0.00,0.00,0.00,0,0,0.00,0.00,0.00,0,0,0.00,0.00,0,0
1520222529,s2,0.00,0.00,0.00,0,0,0.00,0.00,0.00,0,0,0.00,0.00,0,0
1520222529,s1-eth2,0.00,0.00,0.00,0,0,0.00,0.00,0.00,0,0,0.00,0.00,0,0
1520222529,s1-eth1,250.00,0.00,250.00,0,250,3.00,0.00,3.00,0,3,0.00,0.00,0,0
1520222529,s3,0.00,0.00,0.00,0,0,0.00,0.00,0.00,0,0,0.00,0.00,0,0
1520222529,s2-eth2,12436.00,257380.00,269816.00,257380,12436,164.00,170.00,334.00,170,164,0.00,0.00,0,0
1520222529,s2-eth1,251324.00,12362.00,263686.00,12362,251324,166.00,163.00,329.00,163,166,0.00,0.00,0,0
1520222529,lo,341.00,341.00,682.00,341,341,4.00,4.00,8.00,4,4,0.00,0.00,0,0
1520222529,s3-eth2,3638.00,104466.00,108104.00,104466,3638,49.00,69.00,118.00,69,49,0.00,0.00,0,0
1520222529,s3-eth1,116578.00,3638.00,120216.00,3638,116578,77.00,49.00,126.00,49,77,0.00,0.00,0,0
1520222529,total,384719.00,378432.00,763151.00,378432,384719,465.00,457.00,922.00,457,465,0.00,0.00,0,0
1520222530,s1,0.00,0.00,0.00,0,0,0.00,0.00,0.00,0,0,0.00,0.00,0,0
1520222530,eth0,152.00,245.00,397.00,245,152,2.00,2.00,4.00,2,2,0.00,0.00,0,0
1520222530,eth1,0.00,0.00,0.00,0,0,0.00,0.00,0.00,0,0,0.00,0.00,0,0
1520222530,s2,0.00,0.00,0.00,0,0,0.00,0.00,0.00,0,0,0.00,0.00,0,0
1520222530,s1-eth2,0.00,0.00,0.00,0,0,0.00,0.00,0.00,0,0,0.00,0.00,0,0
1520222530,s1-eth1,342.00,0.00,342.00,0,342,1.00,0.00,1.00,0,1,0.00,0.00,0,0
1520222530,s3,0.00,0.00,0.00,0,0,0.00,0.00,0.00,0,0,0.00,0.00,0,0
1520222530,s2-eth2,12166.00,257380.00,269546.00,257380,12166,161.00,170.00,331.00,170,161,0.00,0.00,0,0
1520222530,s2-eth1,249810.00,12166.00,261976.00,12166,249810,165.00,161.00,326.00,161,165,0.00,0.00,0,0
1520222530,lo,341.00,341.00,682.00,341,341,4.00,4.00,8.00,4,4,0.00,0.00,0,0
1520222530,s3-eth2,4212.00,107494.00,111706.00,107494,4212,54.00,71.00,125.00,71,54,0.00,0.00,0,0
1520222530,s3-eth1,93868.00,4212.00,98080.00,4212,93868,62.00,54.00,116.00,54,62,0.00,0.00,0,0
1520222530,total,360891.00,381838.00,742729.00,381838,360891,449.00,462.00,911.00,462,449,0.00,0.00,0,0
1520222531,s1,0.00,0.00,0.00,0,0,0.00,0.00,0.00,0,0,0.00,0.00,0,0
1520222531,eth0,0.00,0.00,0.00,0,0,0.00,0.00,0.00,0,0,0.00,0.00,0,0
1520222531,eth1,0.00,0.00,0.00,0,0,0.00,0.00,0.00,0,0,0.00,0.00,0,0
1520222531,s2,0.00,0.00,0.00,0,0,0.00,0.00,0.00,0,0,0.00,0.00,0,0
1520222531,s1-eth2,0.00,0.00,0.00,0,0,0.00,0.00,0.00,0,0,0.00,0.00,0,0
1520222531,s1-eth1,0.00,0.00,0.00,0,0,0.00,0.00,0.00,0,0,0.00,0.00,0,0
1520222531,s3,0.00,0.00,0.00,0,0,0.00,0.00,0.00,0,0,0.00,0.00,0,0
1520222531,s2-eth2,12570.00,260408.00,272978.00,260408,12570,161.00,172.00,333.00,172,161,0.00,0.00,0,0
1520222531,s2-eth1,249810.00,12570.00,262380.00,12570,249810,165.00,161.00,326.00,161,165,0.00,0.00,0,0
1520222531,lo,396.00,396.00,792.00,396,396,7.00,7.00,14.00,7,7,0.00,0.00,0,0
1520222531,s3-eth2,4440.00,113550.00,117990.00,113550,4440,60.00,75.00,135.00,75,60,0.00,0.00,0,0
1520222531,s3-eth1,122634.00,4440.00,127074.00,4440,122634,81.00,60.00,141.00,60,81,0.00,0.00,0,0
1520222531,total,389850.00,391364.00,781214.00,391364,389850,474.00,475.00,949.00,475,474,0.00,0.00,0,0
1520222532,s1,0.00,0.00,0.00,0,0,0.00,0.00,0.00,0,0,0.00,0.00,0,0
1520222532,eth0,0.00,0.00,0.00,0,0,0.00,0.00,0.00,0,0,0.00,0.00,0,0
1520222532,eth1,0.00,0.00,0.00,0,0,0.00,0.00,0.00,0,0,0.00,0.00,0,0
1520222532,s2,0.00,0.00,0.00,0,0,0.00,0.00,0.00,0,0,0.00,0.00,0,0
1520222532,s1-eth2,0.00,0.00,0.00,0,0,0.00,0.00,0.00,0,0,0.00,0.00,0,0
1520222532,s1-eth1,0.00,0.00,0.00,0,0,0.00,0.00,0.00,0,0,0.00,0.00,0,0
1520222532,s3,0.00,0.00,0.00,0,0,0.00,0.00,0.00,0,0,0.00,0.00,0,0
1520222532,s2-eth2,11926.07,266197.81,278123.88,266464,11938,154.85,175.82,330.67,176,155,0.00,0.00,0,0
1520222532,s2-eth1,249560.45,11926.07,261486.52,11938,249810,164.84,154.85,319.68,155,165,0.00,0.00,0,0
1520222532,lo,171.83,171.83,343.66,172,172,3.00,3.00,5.99,3,3,0.00,0.00,0,0
1520222532,s3-eth2,3178.82,137636.38,140815.19,137774,3182,42.96,90.91,133.87,91,43,0.00,0.00,0,0
1520222532,s3-eth1,131586.42,3178.82,134765.23,3182,131718,86.91,42.96,129.87,43,87,0.00,0.00,0,0
1520222532,total,396423.59,419110.91,815534.50,419530,396820,452.55,467.53,920.08,468,453,0.00,0.00,0,0
1520222533,s1,0.00,0.00,0.00,0,0,0.00,0.00,0.00,0,0,0.00,0.00,0,0
1520222533,eth0,0.00,60.00,60.00,60,0,0.00,1.00,1.00,1,0,0.00,0.00,0,0
1520222533,eth1,0.00,0.00,0.00,0,0,0.00,0.00,0.00,0,0,0.00,0.00,0,0
1520222533,s2,0.00,0.00,0.00,0,0,0.00,0.00,0.00,0,0,0.00,0.00,0,0
1520222533,s1-eth2,0.00,0.00,0.00,0,0,0.00,0.00,0.00,0,0,0.00,0.00,0,0
1520222533,s1-eth1,70.00,0.00,70.00,0,70,1.00,0.00,1.00,0,1,0.00,0.00,0,0
1520222533,s3,0.00,0.00,0.00,0,0,0.00,0.00,0.00,0,0,0.00,0.00,0,0
1520222533,s2-eth2,12276.00,257380.00,269656.00,257380,12276,162.00,170.00,332.00,170,162,0.00,0.00,0,0
1520222533,s2-eth1,249810.00,12350.00,262160.00,12350,249810,165.00,163.00,328.00,163,165,0.00,0.00,0,0
1520222533,lo,0.00,0.00,0.00,0,0,0.00,0.00,0.00,0,0,0.00,0.00,0,0
1520222533,s3-eth2,4736.00,149886.00,154622.00,149886,4736,64.00,99.00,163.00,99,64,0.00,0.00,0,0
1520222533,s3-eth1,146858.00,4736.00,151594.00,4736,146858,97.00,64.00,161.00,64,97,0.00,0.00,0,0
1520222533,total,413750.00,424412.00,838162.00,424412,413750,489.00,497.00,986.00,497,489,0.00,0.00,0,0
1520222534,s1,0.00,0.00,0.00,0,0,0.00,0.00,0.00,0,0,0.00,0.00,0,0
1520222534,eth0,344.00,2984.00,3328.00,2984,344,4.00,48.00,52.00,48,4,0.00,0.00,0,0
1520222534,eth1,0.00,0.00,0.00,0,0,0.00,0.00,0.00,0,0,0.00,0.00,0,0
1520222534,s2,0.00,0.00,0.00,0,0,0.00,0.00,0.00,0,0,0.00,0.00,0,0
1520222534,s1-eth2,342.00,0.00,342.00,0,342,1.00,0.00,1.00,0,1,0.00,0.00,0,0
1520222534,s1-eth1,0.00,0.00,0.00,0,0,0.00,0.00,0.00,0,0,0.00,0.00,0,0
1520222534,s3,0.00,0.00,0.00,0,0,0.00,0.00,0.00,0,0,0.00,0.00,0,0
1520222534,s2-eth2,12114.00,246782.00,258896.00,246782,12114,159.00,163.00,322.00,163,159,0.00,0.00,0,0
1520222534,s2-eth1,251324.00,12040.00,263364.00,12040,251324,166.00,158.00,324.00,158,166,0.00,0.00,0,0
1520222534,lo,0.00,0.00,0.00,0,0,0.00,0.00,0.00,0,0,0.00,0.00,0,0
1520222534,s3-eth2,5550.00,175624.00,181174.00,175624,5550,75.00,116.00,191.00,116,75,0.00,0.00,0,0
1520222534,s3-eth1,177480.00,5550.00,183030.00,5550,177480,118.00,75.00,193.00,75,118,0.00,0.00,0,0
1520222534,total,447154.00,442980.00,890134.00,442980,447154,523.00,560.00,1083.00,560,523,0.00,0.00,0,0
1520222535,s1,0.00,0.00,0.00,0,0,0.00,0.00,0.00,0,0,0.00,0.00,0,0
1520222535,eth0,86.00,446.00,532.00,446,86,1.00,7.00,8.00,7,1,0.00,0.00,0,0
1520222535,eth1,0.00,0.00,0.00,0,0,0.00,0.00,0.00,0,0,0.00,0.00,0,0
1520222535,s2,0.00,0.00,0.00,0,0,0.00,0.00,0.00,0,0,0.00,0.00,0,0
1520222535,s1-eth2,0.00,0.00,0.00,0,0,0.00,0.00,0.00,0,0,0.00,0.00,0,0
1520222535,s1-eth1,342.00,0.00,342.00,0,342,1.00,0.00,1.00,0,1,0.00,0.00,0,0
1520222535,s3,0.00,0.00,0.00,0,0,0.00,0.00,0.00,0,0,0.00,0.00,0,0
1520222535,s2-eth2,12551.45,254097.91,266649.34,254352,12564,161.84,167.83,329.67,168,162,0.00,0.00,0,0
1520222535,s2-eth1,249560.45,12551.45,262111.89,12564,249810,164.84,161.84,326.67,162,165,0.00,0.00,0,0
1520222535,lo,0.00,0.00,0.00,0,0,0.00,0.00,0.00,0,0,0.00,0.00,0,0
1520222535,s3-eth2,9360.64,190615.39,199976.03,190806,9370,116.88,126.87,243.76,127,117,0.00,0.00,0,0
1520222535,s3-eth1,186077.92,9360.64,195438.56,9370,186264,123.88,116.88,240.76,117,124,0.00,0.00,0,0
1520222535,total,457978.03,467070.94,925049.00,467538,458436,569.43,580.42,1149.85,581,570,0.00,0.00,0,0
1520222536,s1,0.00,0.00,0.00,0,0,0.00,0.00,0.00,0,0,0.00,0.00,0,0
1520222536,eth0,0.00,2940.00,2940.00,2940,0,0.00,49.00,49.00,49,0,0.00,0.00,0,0
1520222536,eth1,0.00,0.00,0.00,0,0,0.00,0.00,0.00,0,0,0.00,0.00,0,0
1520222536,s2,0.00,0.00,0.00,0,0,0.00,0.00,0.00,0,0,0.00,0.00,0,0
1520222536,s1-eth2,0.00,0.00,0.00,0,0,0.00,0.00,0.00,0,0,0.00,0.00,0,0
1520222536,s1-eth1,0.00,0.00,0.00,0,0,0.00,0.00,0.00,0,0,0.00,0.00,0,0
1520222536,s3,0.00,0.00,0.00,0,0,0.00,0.00,0.00,0,0,0.00,0.00,0,0
1520222536,s2-eth2,12054.00,257380.00,269434.00,257380,12054,159.00,170.00,329.00,170,159,0.00,0.00,0,0
1520222536,s2-eth1,249810.00,12054.00,261864.00,12054,249810,165.00,159.00,324.00,159,165,0.00,0.00,0,0
1520222536,lo,344.00,344.00,688.00,344,344,6.00,6.00,12.00,6,6,0.00,0.00,0,0
1520222536,s3-eth2,5886.00,136260.00,142146.00,136260,5886,73.00,90.00,163.00,90,73,0.00,0.00,0,0
1520222536,s3-eth1,143830.00,5544.00,149374.00,5544,143830,95.00,72.00,167.00,72,95,0.00,0.00,0,0
1520222536,total,411924.00,414522.00,826446.00,414522,411924,498.00,546.00,1044.00,546,498,0.00,0.00,0,0
1520222537,s1,0.00,0.00,0.00,0,0,0.00,0.00,0.00,0,0,0.00,0.00,0,0
1520222537,eth0,59.94,2997.00,3056.94,3000,60,1.00,49.95,50.95,50,1,0.00,0.00,0,0
1520222537,eth1,0.00,0.00,0.00,0,0,0.00,0.00,0.00,0,0,0.00,0.00,0,0
1520222537,s2,0.00,0.00,0.00,0,0,0.00,0.00,0.00,0,0,0.00,0.00,0,0
1520222537,s1-eth2,0.00,0.00,0.00,0,0,0.00,0.00,0.00,0,0,0.00,0.00,0,0
1520222537,s1-eth1,69.93,0.00,69.93,0,70,1.00,0.00,1.00,0,1,0.00,0.00,0,0
1520222537,s3,0.00,0.00,0.00,0,0,0.00,0.00,0.00,0,0,0.00,0.00,0,0
1520222537,s2-eth2,12347.65,254097.91,266445.56,254352,12360,161.84,167.83,329.67,168,162,0.00,0.00,0,0
1520222537,s2-eth1,251072.94,12421.58,263494.50,12434,251324,165.83,162.84,328.67,163,166,0.00,0.00,0,0
1520222537,lo,171.83,171.83,343.66,172,172,3.00,3.00,5.99,3,3,0.00,0.00,0,0
1520222537,s3-eth2,5782.22,131586.42,137368.64,131718,5788,73.93,86.91,160.84,87,74,0.00,0.00,0,0
1520222537,s3-eth1,117974.03,5782.22,123756.25,5788,118092,77.92,73.93,151.85,74,78,0.00,0.00,0,0
1520222537,total,387478.53,407056.97,794535.50,407464,387866,484.52,544.46,1028.97,545,485,0.00,0.00,0,0
1520222538,s1,0.00,0.00,0.00,0,0,0.00,0.00,0.00,0,0,0.00,0.00,0,0
1520222538,eth0,0.00,2880.00,2880.00,2880,0,0.00,48.00,48.00,48,0,0.00,0.00,0,0
1520222538,eth1,0.00,0.00,0.00,0,0,0.00,0.00,0.00,0,0,0.00,0.00,0,0
1520222538,s2,0.00,0.00,0.00,0,0,0.00,0.00,0.00,0,0,0.00,0.00,0,0
1520222538,s1-eth2,0.00,0.00,0.00,0,0,0.00,0.00,0.00,0,0,0.00,0.00,0,0
1520222538,s1-eth1,0.00,0.00,0.00,0,0,0.00,0.00,0.00,0,0,0.00,0.00,0,0
1520222538,s3,0.00,0.00,0.00,0,0,0.00,0.00,0.00,0,0,0.00,0.00,0,0
1520222538,s2-eth2,12584.00,258894.00,271478.00,258894,12584,162.00,171.00,333.00,171,162,0.00,0.00,0,0
1520222538,s2-eth1,248638.00,12584.00,261222.00,12584,248638,165.00,162.00,327.00,162,165,0.00,0.00,0,0
1520222538,lo,0.00,0.00,0.00,0,0,0.00,0.00,0.00,0,0,0.00,0.00,0,0
1520222538,s3-eth2,4176.00,119606.00,123782.00,119606,4176,54.00,79.00,133.00,79,54,0.00,0.00,0,0
1520222538,s3-eth1,122634.00,4176.00,126810.00,4176,122634,81.00,54.00,135.00,54,81,0.00,0.00,0,0
1520222538,total,388032.00,398140.00,786172.00,398140,388032,462.00,514.00,976.00,514,462,0.00,0.00,0,0
1520222539,s1,0.00,0.00,0.00,0,0,0.00,0.00,0.00,0,0,0.00,0.00,0,0
1520222539,eth0,86.00,318.00,404.00,318,86,1.00,5.00,6.00,5,1,0.00,0.00,0,0
1520222539,eth1,0.00,0.00,0.00,0,0,0.00,0.00,0.00,0,0,0.00,0.00,0,0
1520222539,s2,0.00,0.00,0.00,0,0,0.00,0.00,0.00,0,0,0.00,0.00,0,0
1520222539,s1-eth2,0.00,0.00,0.00,0,0,0.00,0.00,0.00,0,0,0.00,0.00,0,0
1520222539,s1-eth1,0.00,0.00,0.00,0,0,0.00,0.00,0.00,0,0,0.00,0.00,0,0
1520222539,s3,0.00,0.00,0.00,0,0,0.00,0.00,0.00,0,0,0.00,0.00,0,0
1520222539,s2-eth2,12718.00,261922.00,274640.00,261922,12718,163.00,173.00,336.00,173,163,0.00,0.00,0,0
1520222539,s2-eth1,251324.00,12644.00,263968.00,12644,251324,166.00,162.00,328.00,162,166,0.00,0.00,0,0
1520222539,lo,0.00,0.00,0.00,0,0,0.00,0.00,0.00,0,0,0.00,0.00,0,0
1520222539,s3-eth2,4284.00,89326.00,93610.00,89326,4284,54.00,59.00,113.00,59,54,0.00,0.00,0,0
1520222539,s3-eth1,90840.00,4284.00,95124.00,4284,90840,60.00,54.00,114.00,54,60,0.00,0.00,0,0
1520222539,total,359252.00,368494.00,727746.00,368494,359252,444.00,453.00,897.00,453,444,0.00,0.00,0,0
1520222540,s1,0.00,0.00,0.00,0,0,0.00,0.00,0.00,0,0,0.00,0.00,0,0
1520222540,eth0,0.00,2940.00,2940.00,2940,0,0.00,49.00,49.00,49,0,0.00,0.00,0,0
1520222540,eth1,0.00,0.00,0.00,0,0,0.00,0.00,0.00,0,0,0.00,0.00,0,0
1520222540,s2,0.00,0.00,0.00,0,0,0.00,0.00,0.00,0,0,0.00,0.00,0,0
1520222540,s1-eth2,0.00,0.00,0.00,0,0,0.00,0.00,0.00,0,0,0.00,0.00,0,0
1520222540,s1-eth1,0.00,0.00,0.00,0,0,0.00,0.00,0.00,0,0,0.00,0.00,0,0
1520222540,s3,0.00,0.00,0.00,0,0,0.00,0.00,0.00,0,0,0.00,0.00,0,0
1520222540,s2-eth2,12548.00,263436.00,275984.00,263436,12548,160.00,174.00,334.00,174,160,0.00,0.00,0,0
1520222540,s2-eth1,249810.00,12206.00,262016.00,12206,249810,165.00,159.00,324.00,159,165,0.00,0.00,0,0
1520222540,lo,0.00,0.00,0.00,0,0,0.00,0.00,0.00,0,0,0.00,0.00,0,0
1520222540,s3-eth2,3352.00,77214.00,80566.00,77214,3352,42.00,51.00,93.00,51,42,0.00,0.00,0,0
1520222540,s3-eth1,75700.00,3352.00,79052.00,3352,75700,50.00,42.00,92.00,42,50,0.00,0.00,0,0
1520222540,total,341410.00,359148.00,700558.00,359148,341410,417.00,475.00,892.00,475,417,0.00,0.00,0,0
1520222541,s1,0.00,0.00,0.00,0,0,0.00,0.00,0.00,0,0,0.00,0.00,0,0
1520222541,eth0,0.00,240.00,240.00,240,0,0.00,4.00,4.00,4,0,0.00,0.00,0,0
1520222541,eth1,0.00,0.00,0.00,0,0,0.00,0.00,0.00,0,0,0.00,0.00,0,0
1520222541,s2,0.00,0.00,0.00,0,0,0.00,0.00,0.00,0,0,0.00,0.00,0,0
1520222541,s1-eth2,0.00,0.00,0.00,0,0,0.00,0.00,0.00,0,0,0.00,0.00,0,0
1520222541,s1-eth1,0.00,0.00,0.00,0,0,0.00,0.00,0.00,0,0,0.00,0.00,0,0
1520222541,s3,0.00,0.00,0.00,0,0,0.00,0.00,0.00,0,0,0.00,0.00,0,0
1520222541,s2-eth2,12438.00,260408.00,272846.00,260408,12438,161.00,172.00,333.00,172,161,0.00,0.00,0,0
1520222541,s2-eth1,248296.00,12438.00,260734.00,12438,248296,164.00,161.00,325.00,161,164,0.00,0.00,0,0
1520222541,lo,344.00,344.00,688.00,344,344,6.00,6.00,12.00,6,6,0.00,0.00,0,0
1520222541,s3-eth2,2720.00,68130.00,70850.00,68130,2720,36.00,45.00,81.00,45,36,0.00,0.00,0,0
1520222541,s3-eth1,63588.00,2720.00,66308.00,2720,63588,42.00,36.00,78.00,36,42,0.00,0.00,0,0
1520222541,total,327386.00,344280.00,671666.00,344280,327386,409.00,424.00,833.00,424,409,0.00,0.00,0,0
1520222542,s1,0.00,0.00,0.00,0,0,0.00,0.00,0.00,0,0,0.00,0.00,0,0
1520222542,eth0,0.00,0.00,0.00,0,0,0.00,0.00,0.00,0,0,0.00,0.00,0,0
1520222542,eth1,0.00,0.00,0.00,0,0,0.00,0.00,0.00,0,0,0.00,0.00,0,0
1520222542,s2,0.00,0.00,0.00,0,0,0.00,0.00,0.00,0,0,0.00,0.00,0,0
1520222542,s1-eth2,0.00,0.00,0.00,0,0,0.00,0.00,0.00,0,0,0.00,0.00,0,0
1520222542,s1-eth1,0.00,0.00,0.00,0,0,0.00,0.00,0.00,0,0,0.00,0.00,0,0
1520222542,s3,0.00,0.00,0.00,0,0,0.00,0.00,0.00,0,0,0.00,0.00,0,0
1520222542,s2-eth2,11844.00,258894.00,270738.00,258894,11844,156.00,171.00,327.00,171,156,0.00,0.00,0,0
1520222542,s2-eth1,249810.00,11844.00,261654.00,11844,249810,165.00,156.00,321.00,156,165,0.00,0.00,0,0
1520222542,lo,172.00,172.00,344.00,172,172,3.00,3.00,6.00,3,3,0.00,0.00,0,0
1520222542,s3-eth2,2424.00,46934.00,49358.00,46934,2424,30.00,31.00,61.00,31,30,0.00,0.00,0,0
1520222542,s3-eth1,46934.00,2424.00,49358.00,2424,46934,31.00,30.00,61.00,30,31,0.00,0.00,0,0
1520222542,total,311184.00,320268.00,631452.00,320268,311184,385.00,391.00,776.00,391,385,0.00,0.00,0,0
1520222543,s1,0.00,0.00,0.00,0,0,0.00,0.00,0.00,0,0,0.00,0.00,0,0
1520222543,eth0,0.00,0.00,0.00,0,0,0.00,0.00,0.00,0,0,0.00,0.00,0,0
1520222543,eth1,0.00,0.00,0.00,0,0,0.00,0.00,0.00,0,0,0.00,0.00,0,0
1520222543,s2,0.00,0.00,0.00,0,0,0.00,0.00,0.00,0,0,0.00,0.00,0,0
1520222543,s1-eth2,0.00,0.00,0.00,0,0,0.00,0.00,0.00,0,0,0.00,0.00,0,0
1520222543,s1-eth1,0.00,0.00,0.00,0,0,0.00,0.00,0.00,0,0,0.00,0.00,0,0
1520222543,s3,0.00,0.00,0.00,0,0,0.00,0.00,0.00,0,0,0.00,0.00,0,0
1520222543,s2-eth2,12400.00,254352.00,266752.00,254352,12400,160.00,168.00,328.00,168,160,0.00,0.00,0,0
1520222543,s2-eth1,251324.00,12400.00,263724.00,12400,251324,166.00,160.00,326.00,160,166,0.00,0.00,0,0
1520222543,lo,0.00,0.00,0.00,0,0,0.00,0.00,0.00,0,0,0.00,0.00,0,0
1520222543,s3-eth2,1664.00,40878.00,42542.00,40878,1664,22.00,27.00,49.00,27,22,0.00,0.00,0,0
1520222543,s3-eth1,43906.00,1664.00,45570.00,1664,43906,29.00,22.00,51.00,22,29,0.00,0.00,0,0
1520222543,total,309294.00,309294.00,618588.00,309294,309294,377.00,377.00,754.00,377,377,0.00,0.00,0,0
1520222544,s1,0.00,0.00,0.00,0,0,0.00,0.00,0.00,0,0,0.00,0.00,0,0
1520222544,eth0,0.00,0.00,0.00,0,0,0.00,0.00,0.00,0,0,0.00,0.00,0,0
1520222544,eth1,0.00,0.00,0.00,0,0,0.00,0.00,0.00,0,0,0.00,0.00,0,0
1520222544,s2,0.00,0.00,0.00,0,0,0.00,0.00,0.00,0,0,0.00,0.00,0,0
1520222544,s1-eth2,0.00,0.00,0.00,0,0,0.00,0.00,0.00,0,0,0.00,0.00,0,0
1520222544,s1-eth1,0.00,0.00,0.00,0,0,0.00,0.00,0.00,0,0,0.00,0.00,0,0
1520222544,s3,0.00,0.00,0.00,0,0,0.00,0.00,0.00,0,0,0.00,0.00,0,0
1520222544,s2-eth2,12348.00,260408.00,272756.00,260408,12348,158.00,172.00,330.00,172,158,0.00,0.00,0,0
1520222544,s2-eth1,246782.00,12348.00,259130.00,12348,246782,163.00,158.00,321.00,158,163,0.00,0.00,0,0
1520222544,lo,0.00,0.00,0.00,0,0,0.00,0.00,0.00,0,0,0.00,0.00,0,0
1520222544,s3-eth2,1896.00,63588.00,65484.00,63588,1896,22.00,42.00,64.00,42,22,0.00,0.00,0,0
1520222544,s3-eth1,57532.00,1554.00,59086.00,1554,57532,38.00,21.00,59.00,21,38,0.00,0.00,0,0
1520222544,total,318558.00,337898.00,656456.00,337898,318558,381.00,393.00,774.00,393,381,0.00,0.00,0,0
1520222545,s1,0.00,0.00,0.00,0,0,0.00,0.00,0.00,0,0,0.00,0.00,0,0
1520222545,eth0,0.00,60.00,60.00,60,0,0.00,1.00,1.00,1,0,0.00,0.00,0,0
1520222545,eth1,0.00,0.00,0.00,0,0,0.00,0.00,0.00,0,0,0.00,0.00,0,0
1520222545,s2,0.00,0.00,0.00,0,0,0.00,0.00,0.00,0,0,0.00,0.00,0,0
1520222545,s1-eth2,0.00,0.00,0.00,0,0,0.00,0.00,0.00,0,0,0.00,0.00,0,0
1520222545,s1-eth1,342.00,0.00,342.00,0,342,1.00,0.00,1.00,0,1,0.00,0.00,0,0
1520222545,s3,0.00,0.00,0.00,0,0,0.00,0.00,0.00,0,0,0.00,0.00,0,0
1520222545,s2-eth2,11744.00,263478.00,275222.00,263478,11744,158.00,175.00,333.00,175,158,0.00,0.00,0,0
1520222545,s2-eth1,249852.00,11744.00,261596.00,11744,249852,166.00,158.00,324.00,158,166,0.00,0.00,0,0
1520222545,lo,0.00,0.00,0.00,0,0,0.00,0.00,0.00,0,0,0.00,0.00,0,0
1520222545,s3-eth2,1956.00,39364.00,41320.00,39364,1956,24.00,26.00,50.00,26,24,0.00,0.00,0,0
1520222545,s3-eth1,34822.00,1956.00,36778.00,1956,34822,23.00,24.00,47.00,24,23,0.00,0.00,0,0
1520222545,total,298716.00,316602.00,615318.00,316602,298716,372.00,384.00,756.00,384,372,0.00,0.00,0,0
1520222546,s1,0.00,0.00,0.00,0,0,0.00,0.00,0.00,0,0,0.00,0.00,0,0
1520222546,eth0,0.00,0.00,0.00,0,0,0.00,0.00,0.00,0,0,0.00,0.00,0,0
1520222546,eth1,0.00,0.00,0.00,0,0,0.00,0.00,0.00,0,0,0.00,0.00,0,0
1520222546,s2,0.00,0.00,0.00,0,0,0.00,0.00,0.00,0,0,0.00,0.00,0,0
1520222546,s1-eth2,0.00,0.00,0.00,0,0,0.00,0.00,0.00,0,0,0.00,0.00,0,0
1520222546,s1-eth1,0.00,0.00,0.00,0,0,0.00,0.00,0.00,0,0,0.00,0.00,0,0
1520222546,s3,0.00,0.00,0.00,0,0,0.00,0.00,0.00,0,0,0.00,0.00,0,0
1520222546,s2-eth2,11998.00,249810.00,261808.00,249810,11998,155.00,165.00,320.00,165,155,0.00,0.00,0,0
1520222546,s2-eth1,249810.00,12072.00,261882.00,12072,249810,165.00,156.00,321.00,156,165,0.00,0.00,0,0
1520222546,lo,344.00,344.00,688.00,344,344,6.00,6.00,12.00,6,6,0.00,0.00,0,0
1520222546,s3-eth2,1984.00,40878.00,42862.00,40878,1984,26.00,27.00,53.00,27,26,0.00,0.00,0,0
1520222546,s3-eth1,45420.00,1984.00,47404.00,1984,45420,30.00,26.00,56.00,26,30,0.00,0.00,0,0
1520222546,total,309556.00,305088.00,614644.00,305088,309556,382.00,380.00,762.00,380,382,0.00,0.00,0,0
1520222547,s1,0.00,0.00,0.00,0,0,0.00,0.00,0.00,0,0,0.00,0.00,0,0
1520222547,eth0,0.00,0.00,0.00,0,0,0.00,0.00,0.00,0,0,0.00,0.00,0,0
1520222547,eth1,0.00,0.00,0.00,0,0,0.00,0.00,0.00,0,0,0.00,0.00,0,0
1520222547,s2,0.00,0.00,0.00,0,0,0.00,0.00,0.00,0,0,0.00,0.00,0,0
1520222547,s1-eth2,0.00,0.00,0.00,0,0,0.00,0.00,0.00,0,0,0.00,0.00,0,0
1520222547,s1-eth1,0.00,0.00,0.00,0,0,0.00,0.00,0.00,0,0,0.00,0.00,0,0
1520222547,s3,0.00,0.00,0.00,0,0,0.00,0.00,0.00,0,0,0.00,0.00,0,0
1520222547,s2-eth2,11644.00,261922.00,273566.00,261922,11644,154.00,173.00,327.00,173,154,0.00,0.00,0,0
1520222547,s2-eth1,251324.00,11570.00,262894.00,11570,251324,166.00,153.00,319.00,153,166,0.00,0.00,0,0
1520222547,lo,172.00,172.00,344.00,172,172,3.00,3.00,6.00,3,3,0.00,0.00,0,0
1520222547,s3-eth2,2540.00,63588.00,66128.00,63588,2540,34.00,42.00,76.00,42,34,0.00,0.00,0,0
1520222547,s3-eth1,54504.00,2540.00,57044.00,2540,54504,36.00,34.00,70.00,34,36,0.00,0.00,0,0
1520222547,total,320184.00,339792.00,659976.00,339792,320184,393.00,405.00,798.00,405,393,0.00,0.00,0,0
1520222548,s1,0.00,0.00,0.00,0,0,0.00,0.00,0.00,0,0,0.00,0.00,0,0
1520222548,eth0,0.00,0.00,0.00,0,0,0.00,0.00,0.00,0,0,0.00,0.00,0,0
1520222548,eth1,0.00,0.00,0.00,0,0,0.00,0.00,0.00,0,0,0.00,0.00,0,0
1520222548,s2,0.00,0.00,0.00,0,0,0.00,0.00,0.00,0,0,0.00,0.00,0,0
1520222548,s1-eth2,0.00,0.00,0.00,0,0,0.00,0.00,0.00,0,0,0.00,0.00,0,0
1520222548,s1-eth1,0.00,0.00,0.00,0,0,0.00,0.00,0.00,0,0,0.00,0.00,0,0
1520222548,s3,0.00,0.00,0.00,0,0,0.00,0.00,0.00,0,0,0.00,0.00,0,0
1520222548,s2-eth2,12404.00,252838.00,265242.00,252838,12404,158.00,167.00,325.00,167,158,0.00,0.00,0,0
1520222548,s2-eth1,249810.00,12404.00,262214.00,12404,249810,165.00,158.00,323.00,158,165,0.00,0.00,0,0
1520222548,lo,0.00,0.00,0.00,0,0,0.00,0.00,0.00,0,0,0.00,0.00,0,0
1520222548,s3-eth2,2812.00,77214.00,80026.00,77214,2812,38.00,51.00,89.00,51,38,0.00,0.00,0,0
1520222548,s3-eth1,86298.00,2812.00,89110.00,2812,86298,57.00,38.00,95.00,38,57,0.00,0.00,0,0
1520222548,total,351324.00,345268.00,696592.00,345268,351324,418.00,414.00,832.00,414,418,0.00,0.00,0,0
1520222549,s1,0.00,0.00,0.00,0,0,0.00,0.00,0.00,0,0,0.00,0.00,0,0
1520222549,eth0,0.00,0.00,0.00,0,0,0.00,0.00,0.00,0,0,0.00,0.00,0,0
1520222549,eth1,0.00,0.00,0.00,0,0,0.00,0.00,0.00,0,0,0.00,0.00,0,0
1520222549,s2,0.00,0.00,0.00,0,0,0.00,0.00,0.00,0,0,0.00,0.00,0,0
1520222549,s1-eth2,342.00,0.00,342.00,0,342,1.00,0.00,1.00,0,1,0.00,0.00,0,0
1520222549,s1-eth1,0.00,0.00,0.00,0,0,0.00,0.00,0.00,0,0,0.00,0.00,0,0
1520222549,s3,0.00,0.00,0.00,0,0,0.00,0.00,0.00,0,0,0.00,0.00,0,0
1520222549,s2-eth2,12324.00,260408.00,272732.00,260408,12324,160.00,172.00,332.00,172,160,0.00,0.00,0,0
1520222549,s2-eth1,249810.00,12324.00,262134.00,12324,249810,165.00,160.00,325.00,160,165,0.00,0.00,0,0
1520222549,lo,0.00,0.00,0.00,0,0,0.00,0.00,0.00,0,0,0.00,0.00,0,0
1520222549,s3-eth2,4202.00,99924.00,104126.00,99924,4202,55.00,66.00,121.00,66,55,0.00,0.00,0,0
1520222549,s3-eth1,83270.00,4202.00,87472.00,4202,83270,55.00,55.00,110.00,55,55,0.00,0.00,0,0
1520222549,total,349948.00,376858.00,726806.00,376858,349948,436.00,453.00,889.00,453,436,0.00,0.00,0,0
1520222550,s1,0.00,0.00,0.00,0,0,0.00,0.00,0.00,0,0,0.00,0.00,0,0
1520222550,eth0,0.00,0.00,0.00,0,0,0.00,0.00,0.00,0,0,0.00,0.00,0,0
1520222550,eth1,0.00,0.00,0.00,0,0,0.00,0.00,0.00,0,0,0.00,0.00,0,0
1520222550,s2,0.00,0.00,0.00,0,0,0.00,0.00,0.00,0,0,0.00,0.00,0,0
1520222550,s1-eth2,37678.00,999240.00,1036918.00,999240,37678,509.00,660.00,1169.00,660,509,0.00,0.00,0,0
1520222550,s1-eth1,997726.00,37678.00,1035404.00,37678,997726,659.00,509.00,1168.00,509,659,0.00,0.00,0,0
1520222550,s3,0.00,0.00,0.00,0,0,0.00,0.00,0.00,0,0,0.00,0.00,0,0
1520222550,s2-eth2,12150.00,258894.00,271044.00,258894,12150,159.00,171.00,330.00,171,159,0.00,0.00,0,0
1520222550,s2-eth1,249810.00,12150.00,261960.00,12150,249810,165.00,159.00,324.00,159,165,0.00,0.00,0,0
1520222550,lo,0.00,0.00,0.00,0,0,0.00,0.00,0.00,0,0,0.00,0.00,0,0
1520222550,s3-eth2,3308.00,83270.00,86578.00,83270,3308,42.00,55.00,97.00,55,42,0.00,0.00,0,0
1520222550,s3-eth1,95724.00,3308.00,99032.00,3308,95724,64.00,42.00,106.00,42,64,0.00,0.00,0,0
1520222550,total,1