1520565092,s1,0.00,0.00,0.00,0,0,0.00,0.00,0.00,0,0,0.00,0.00,0,0
1520565092,eth0,0.00,0.00,0.00,0,0,0.00,0.00,0.00,0,0,0.00,0.00,0,0
1520565092,eth1,0.00,0.00,0.00,0,0,0.00,0.00,0.00,0,0,0.00,0.00,0,0
1520565092,s1-eth2,0.00,0.00,0.00,0,0,0.00,0.00,0.00,0,0,0.00,0.00,0,0
1520565092,s1-eth1,0.00,0.00,0.00,0,0,0.00,0.00,0.00,0,0,0.00,0.00,0,0
1520565092,lo,0.00,0.00,0.00,0,0,0.00,0.00,0.00,0,0,0.00,0.00,0,0
1520565092,total,0.00,0.00,0.00,0,0,0.00,0.00,0.00,0,0,0.00,0.00,0,0
1520565093,s1,0.00,340.00,340.00,340,0,0.00,4.00,4.00,4,0,0.00,0.00,0,0
1520565093,eth0,192.00,345.00,537.00,345,192,2.00,3.00,5.00,3,2,0.00,0.00,0,0
1520565093,eth1,0.00,0.00,0.00,0,0,0.00,0.00,0.00,0,0,0.00,0.00,0,0
1520565093,s1-eth2,8514.00,227248.00,235762.00,227248,8514,113.00,108.00,221.00,108,113,0.00,0.00,0,0
1520565093,s1-eth1,245704.00,7988.00,253692.00,7988,245704,122.00,110.00,232.00,110,122,0.00,0.00,0,0
1520565093,lo,1473.00,1473.00,2946.00,1473,1473,16.00,16.00,32.00,16,16,0.00,0.00,0,0
1520565093,total,255883.00,237394.00,493277.00,237394,255883,253.00,241.00,494.00,241,253,0.00,0.00,0,0
1520565094,s1,0.00,0.00,0.00,0,0,0.00,0.00,0.00,0,0,0.00,0.00,0,0
1520565094,eth0,252.00,405.00,657.00,405,252,3.00,4.00,7.00,4,3,0.00,0.00,0,0
1520565094,eth1,0.00,0.00,0.00,0,0,0.00,0.00,0.00,0,0,0.00,0.00,0,0
1520565094,s1-eth2,6792.00,239728.00,246520.00,239728,6792,96.00,100.00,196.00,100,96,0.00,0.00,0,0
1520565094,s1-eth1,247376.00,6726.00,254102.00,6726,247376,102.00,95.00,197.00,95,102,0.00,0.00,0,0
1520565094,lo,341.00,341.00,682.00,341,341,4.00,4.00,8.00,4,4,0.00,0.00,0,0
1520565094,total,254761.00,247200.00,501961.00,247200,254761,205.00,203.00,408.00,203,205,0.00,0.00,0,0
1520565095,s1,0.00,0.00,0.00,0,0,0.00,0.00,0.00,0,0,0.00,0.00,0,0
1520565095,eth0,0.00,0.00,0.00,0,0,0.00,0.00,0.00,0,0,0.00,0.00,0,0
1520565095,eth1,0.00,0.00,0.00,0,0,0.00,0.00,0.00,0,0,0.00,0.00,0,0
1520565095,s1-eth2,6444.00,249468.00,255912.00,249468,6444,94.00,94.00,188.00,94,94,0.00,0.00,0,0
1520565095,s1-eth1,246638.00,6444.00,253082.00,6444,246638,95.00,94.00,189.00,94,95,0.00,0.00,0,0
1520565095,lo,0.00,0.00,0.00,0,0,0.00,0.00,0.00,0,0,0.00,0.00,0,0
1520565095,total,253082.00,255912.00,508994.00,255912,253082,189.00,188.00,377.00,188,189,0.00,0.00,0,0
1520565096,s1,70.00,70.00,140.00,70,70,1.00,1.00,2.00,1,1,0.00,0.00,0,0
1520565096,eth0,0.00,60.00,60.00,60,0,0.00,1.00,1.00,1,0,0.00,0.00,0,0
1520565096,eth1,0.00,0.00,0.00,0,0,0.00,0.00,0.00,0,0,0.00,0.00,0,0
1520565096,s1-eth2,5416.00,245916.00,251332.00,245916,5416,82.00,84.00,166.00,84,82,0.00,0.00,0,0
1520565096,s1-eth1,243094.00,5346.00,248440.00,5346,243094,85.00,81.00,166.00,81,85,0.00,0.00,0,0
1520565096,lo,536.00,536.00,1072.00,536,536,6.00,6.00,12.00,6,6,0.00,0.00,0,0
1520565096,total,249116.00,251928.00,501044.00,251928,249116,174.00,173.00,347.00,173,174,0.00,0.00,0,0
1520565097,s1,0.00,69.93,69.93,70,0,0.00,1.00,1.00,1,0,0.00,0.00,0,0
1520565097,eth0,85.91,137.86,223.78,138,86,1.00,2.00,3.00,2,1,0.00,0.00,0,0
1520565097,eth1,0.00,0.00,0.00,0,0,0.00,0.00,0.00,0,0,0.00,0.00,0,0
1520565097,s1-eth2,6649.35,246721.28,253370.64,246968,6656,95.90,99.90,195.80,100,96,0.00,0.00,0,0
1520565097,s1-eth1,246655.34,6579.42,253234.77,6586,246902,98.90,94.91,193.81,95,99,0.00,0.00,0,0
1520565097,lo,267.73,267.73,535.46,268,268,3.00,3.00,5.99,3,3,0.00,0.00,0,0
1520565097,total,253658.34,253776.23,507434.59,254030,253912,198.80,200.80,399.60,201,199,0.00,0.00,0,0
1520565098,s1,0.00,0.00,0.00,0,0,0.00,0.00,0.00,0,0,0.00,0.00,0,0
1520565098,eth0,0.00,60.00,60.00,60,0,0.00,1.00,1.00,1,0,0.00,0.00,0,0
1520565098,eth1,0.00,0.00,0.00,0,0,0.00,0.00,0.00,0,0,0.00,0.00,0,0
1520565098,s1-eth2,6066.00,257038.00,263104.00,257038,6066,89.00,99.00,188.00,99,89,0.00,0.00,0,0
1520565098,s1-eth1,243432.58,6059.94,249492.52,6066,243676,93.91,88.91,182.82,89,94,0.00,0.00,0,0
1520565098,lo,0.00,0.00,0.00,0,0,0.00,0.00,0.00,0,0,0.00,0.00,0,0
1520565098,total,249492.52,262901.09,512393.62,263164,249742,182.82,188.81,371.63,189,183,0.00,0.00,0,0
1520565099,s1,0.00,0.00,0.00,0,0,0.00,0.00,0.00,0,0,0.00,0.00,0,0
1520565099,eth0,0.00,0.00,0.00,0,0,0.00,0.00,0.00,0,0,0.00,0.00,0,0
1520565099,eth1,0.00,0.00,0.00,0,0,0.00,0.00,0.00,0,0,0.00,0.00,0,0
1520565099,s1-eth2,5856.00,253482.00,259338.00,253482,5856,88.00,89.00,177.00,89,88,0.00,0.00,0,0
1520565099,s1-eth1,246452.00,5856.00,252308.00,5856,246452,88.00,88.00,176.00,88,88,0.00,0.00,0,0
1520565099,lo,0.00,0.00,0.00,0,0,0.00,0.00,0.00,0,0,0.00,0.00,0,0
1520565099,total,252308.00,259338.00,511646.00,259338,252308,176.00,177.00,353.00,177,176,0.00,0.00,0,0
1520565100,s1,70.00,70.00,140.00,70,70,1.00,1.00,2.00,1,1,0.00,0.00,0,0
1520565100,eth0,0.00,86.00,86.00,86,0,0.00,1.00,1.00,1,0,0.00,0.00,0,0
1520565100,eth1,0.00,86.00,86.00,86,0,0.00,1.00,1.00,1,0,0.00,0.00,0,0
1520565100,s1-eth2,6466.00,258556.00,265022.00,258556,6466,95.00,100.00,195.00,100,95,0.00,0.00,0,0
1520565100,s1-eth1,243886.00,6396.00,250282.00,6396,243886,97.00,94.00,191.00,94,97,0.00,0.00,0,0
1520565100,lo,536.00,536.00,1072.00,536,536,6.00,6.00,12.00,6,6,0.00,0.00,0,0
1520565100,total,250958.00,265730.00,516688.00,265730,250958,199.00,203.00,402.00,203,199,0.00,0.00,0,0
1520565101,s1,0.00,70.00,70.00,70,0,0.00,1.00,1.00,1,0,0.00,0.00,0,0
1520565101,eth0,0.00,60.00,60.00,60,0,0.00,1.00,1.00,1,0,0.00,0.00,0,0
1520565101,eth1,0.00,0.00,0.00,0,0,0.00,0.00,0.00,0,0,0.00,0.00,0,0
1520565101,s1-eth2,5486.00,248808.00,254294.00,248808,5486,83.00,84.00,167.00,84,83,0.00,0.00,0,0
1520565101,s1-eth1,245846.00,5482.00,251328.00,5482,245846,83.00,83.00,166.00,83,83,0.00,0.00,0,0
1520565101,lo,268.00,268.00,536.00,268,268,3.00,3.00,6.00,3,3,0.00,0.00,0,0
1520565101,total,251600.00,254688.00,506288.00,254688,251600,169.00,172.00,341.00,172,169,0.00,0.00,0,0
1520565102,s1,0.00,0.00,0.00,0,0,0.00,0.00,0.00,0,0,0.00,0.00,0,0
1520565102,eth0,0.00,60.00,60.00,60,0,0.00,1.00,1.00,1,0,0.00,0.00,0,0
1520565102,eth1,0.00,0.00,0.00,0,0,0.00,0.00,0.00,0,0,0.00,0.00,0,0
1520565102,s1-eth2,6090.00,252100.00,258190.00,252100,6090,87.00,90.00,177.00,90,87,0.00,0.00,0,0
1520565102,s1-eth1,246176.00,5682.00,251858.00,5682,246176,88.00,85.00,173.00,85,88,0.00,0.00,0,0
1520565102,lo,0.00,0.00,0.00,0,0,0.00,0.00,0.00,0,0,0.00,0.00,0,0
1520565102,total,252266.00,257842.00,510108.00,257842,252266,175.00,176.00,351.00,176,175,0.00,0.00,0,0
1520565103,s1,0.00,0.00,0.00,0,0,0.00,0.00,0.00,0,0,0.00,0.00,0,0
1520565103,eth0,0.00,60.00,60.00,60,0,0.00,1.00,1.00,1,0,0.00,0.00,0,0
1520565103,eth1,0.00,0.00,0.00,0,0,0.00,0.00,0.00,0,0,0.00,0.00,0,0
1520565103,s1-eth2,6198.00,246572.00,252770.00,246572,6198,91.00,94.00,185.00,94,91,0.00,0.00,0,0
1520565103,s1-eth1,243610.00,6198.00,249808.00,6198,243610,93.00,91.00,184.00,91,93,0.00,0.00,0,0
1520565103,lo,0.00,0.00,0.00,0,0,0.00,0.00,0.00,0,0,0.00,0.00,0,0
1520565103,total,249808.00,252830.00,502638.00,252830,249808,184.00,186.00,370.00,186,184,0.00,0.00,0,0
1520565104,s1,0.00,0.00,0.00,0,0,0.00,0.00,0.00,0,0,0.00,0.00,0,0
1520565104,eth0,0.00,60.00,60.00,60,0,0.00,1.00,1.00,1,0,0.00,0.00,0,0
1520565104,eth1,0.00,0.00,0.00,0,0,0.00,0.00,0.00,0,0,0.00,0.00,0,0
1520565104,s1-eth2,6252.00,258420.00,264672.00,258420,6252,92.00,98.00,190.00,98,92,0.00,0.00,0,0
1520565104,s1-eth1,246914.00,6252.00,253166.00,6252,246914,95.00,92.00,187.00,92,95,0.00,0.00,0,0
1520565104,lo,0.00,0.00,0.00,0,0,0.00,0.00,0.00,0,0,0.00,0.00,0,0
1520565104,total,253166.00,264732.00,517898.00,264732,253166,187.00,191.00,378.00,191,187,0.00,0.00,0,0
1520565105,s1,0.00,0.00,0.00,0,0,0.00,0.00,0.00,0,0,0.00,0.00,0,0
1520565105,eth0,0.00,59.94,59.94,60,0,0.00,1.00,1.00,1,0,0.00,0.00,0,0
1520565105,eth1,0.00,0.00,0.00,0,0,0.00,0.00,0.00,0,0,0.00,0.00,0,0
1520565105,s1-eth2,6011.99,253558.45,259570.44,253812,6018,88.91,93.91,182.82,94,89,0.00,0.00,0,0
1520565105,s1-eth1,243168.84,6011.99,249180.83,6018,243412,89.91,88.91,178.82,89,90,0.00,0.00,0,0
1520565105,lo,171.83,171.83,343.66,172,172,3.00,3.00,5.99,3,3,0.00,0.00,0,0
1520565105,total,249352.66,259802.20,509154.84,260062,249602,181.82,186.81,368.63,187,182,0.00,0.00,0,0
1520565106,s1,0.00,0.00,0.00,0,0,0.00,0.00,0.00,0,0,0.00,0.00,0,0
1520565106,eth0,0.00,60.00,60.00,60,0,0.00,1.00,1.00,1,0,0.00,0.00,0,0
1520565106,eth1,0.00,0.00,0.00,0,0,0.00,0.00,0.00,0,0,0.00,0.00,0,0
1520565106,s1-eth2,5082.00,251770.00,256852.00,251770,5082,77.00,85.00,162.00,85,77,0.00,0.00,0,0
1520565106,s1-eth1,245846.00,5082.00,250928.00,5082,245846,83.00,77.00,160.00,77,83,0.00,0.00,0,0
1520565106,lo,0.00,0.00,0.00,0,0,0.00,0.00,0.00,0,0,0.00,0.00,0,0
1520565106,total,250928.00,256912.00,507840.00,256912,250928,160.00,163.00,323.00,163,160,0.00,0.00,0,0
1520565107,s1,0.00,0.00,0.00,0,0,0.00,0.00,0.00,0,0,0.00,0.00,0,0
1520565107,eth0,0.00,0.00,0.00,0,0,0.00,0.00,0.00,0,0,0.00,0.00,0,0
1520565107,eth1,0.00,0.00,0.00,0,0,0.00,0.00,0.00,0,0,0.00,0.00,0,0
1520565107,s1-eth2,6132.00,251048.00,257180.00,251048,6132,90.00,96.00,186.00,96,90,0.00,0.00,0,0
1520565107,s1-eth1,243610.00,6132.00,249742.00,6132,243610,93.00,90.00,183.00,90,93,0.00,0.00,0,0
1520565107,lo,0.00,0.00,0.00,0,0,0.00,0.00,0.00,0,0,0.00,0.00,0,0
1520565107,total,249742.00,257180.00,506922.00,257180,249742,183.00,186.00,369.00,186,183,0.00,0.00,0,0
1520565108,s1,0.00,0.00,0.00,0,0,0.00,0.00,0.00,0,0,0.00,0.00,0,0
1520565108,eth0,0.00,60.00,60.00,60,0,0.00,1.00,1.00,1,0,0.00,0.00,0,0
1520565108,eth1,0.00,0.00,0.00,0,0,0.00,0.00,0.00,0,0,0.00,0.00,0,0
1520565108,s1-eth2,5346.00,248808.00,254154.00,248808,5346,81.00,84.00,165.00,84,81,0.00,0.00,0,0
1520565108,s1-eth1,245846.00,5412.00,251258.00,5412,245846,83.00,82.00,165.00,82,83,0.00,0.00,0,0
1520565108,lo,0.00,0.00,0.00,0,0,0.00,0.00,0.00,0,0,0.00,0.00,0,0
1520565108,total,251192.00,254280.00,505472.00,254280,251192,164.00,167.00,331.00,167,164,0.00,0.00,0,0
1520565109,s1,0.00,0.00,0.00,0,0,0.00,0.00,0.00,0,0,0.00,0.00,0,0
1520565109,eth0,0.00,60.00,60.00,60,0,0.00,1.00,1.00,1,0,0.00,0.00,0,0
1520565109,eth1,0.00,0.00,0.00,0,0,0.00,0.00,0.00,0,0,0.00,0.00,0,0
1520565109,s1-eth2,5694.00,251968.00,257662.00,251968,5694,85.00,88.00,173.00,88,85,0.00,0.00,0,0
1520565109,s1-eth1,246044.00,5628.00,251672.00,5628,246044,86.00,84.00,170.00,84,86,0.00,0.00,0,0
1520565109,lo,0.00,0.00,0.00,0,0,0.00,0.00,0.00,0,0,0.00,0.00,0,0
1520565109,total,251738.00,257656.00,509394.00,257656,251738,171.00,173.00,344.00,173,171,0.00,0.00,0,0
1520565110,s1,0.00,0.00,0.00,0,0,0.00,0.00,0.00,0,0,0.00,0.00,0,0
1520565110,eth0,0.00,59.94,59.94,60,0,0.00,1.00,1.00,1,0,0.00,0.00,0,0
1520565110,eth1,0.00,0.00,0.00,0,0,0.00,0.00,0.00,0,0,0.00,0.00,0,0
1520565110,s1-eth2,5958.04,248955.05,254913.09,249204,5964,87.91,89.91,177.82,90,88,0.00,0.00,0,0
1520565110,s1-eth1,243036.97,5958.04,248995.02,5964,243280,87.91,87.91,175.82,88,88,0.00,0.00,0,0
1520565110,lo,171.83,171.83,343.66,172,172,3.00,3.00,5.99,3,3,0.00,0.00,0,0
1520565110,total,249166.84,255144.86,504311.69,255400,249416,178.82,181.82,360.64,182,179,0.00,0.00,0,0
1520565111,s1,0.00,0.00,0.00,0,0,0.00,0.00,0.00,0,0,0.00,0.00,0,0
1520565111,eth0,0.00,0.00,0.00,0,0,0.00,0.00,0.00,0,0,0.00,0.00,0,0
1520565111,eth1,0.00,0.00,0.00,0,0,0.00,0.00,0.00,0,0,0.00,0.00,0,0
1520565111,s1-eth2,6960.00,254670.00,261630.00,254670,6960,100.00,107.00,207.00,107,100,0.00,0.00,0,0
1520565111,s1-eth1,247232.00,7026.00,254258.00,7026,247232,104.00,101.00,205.00,101,104,0.00,0.00,0,0
1520565111,lo,0.00,0.00,0.00,0,0,0.00,0.00,0.00,0,0,0.00,0.00,0,0
1520565111,total,254192.00,261696.00,515888.00,261696,254192,204.00,208.00,412.00,208,204,0.00,0.00,0,0
1520565112,s1,0.00,0.00,0.00,0,0,0.00,0.00,0.00,0,0,0.00,0.00,0,0
1520565112,eth0,0.00,60.00,60.00,60,0,0.00,1.00,1.00,1,0,0.00,0.00,0,0
1520565112,eth1,0.00,0.00,0.00,0,0,0.00,0.00,0.00,0,0,0.00,0.00,0,0
1520565112,s1-eth2,5718.00,259670.00,265388.00,259670,5718,85.00,95.00,180.00,95,85,0.00,0.00,0,0
1520565112,s1-eth1,243688.00,5652.00,249340.00,5652,243688,90.00,84.00,174.00,84,90,0.00,0.00,0,0
1520565112,lo,0.00,0.00,0.00,0,0,0.00,0.00,0.00,0,0,0.00,0.00,0,0
1520565112,total,249406.00,265382.00,514788.00,265382,249406,175.00,180.00,355.00,180,175,0.00,0.00,0,0
1520565113,s1,0.00,0.00,0.00,0,0,0.00,0.00,0.00,0,0,0.00,0.00,0,0
1520565113,eth0,0.00,60.00,60.00,60,0,0.00,1.00,1.00,1,0,0.00,0.00,0,0
1520565113,eth1,0.00,0.00,0.00,0,0,0.00,0.00,0.00,0,0,0.00,0.00,0,0
1520565113,s1-eth2,6186.00,250982.00,257168.00,250982,6186,91.00,95.00,186.00,95,91,0.00,0.00,0,0
1520565113,s1-eth1,246506.00,6264.00,252770.00,6264,246506,93.00,92.00,185.00,92,93,0.00,0.00,0,0
1520565113,lo,0.00,0.00,0.00,0,0,0.00,0.00,0.00,0,0,0.00,0.00,0,0
1520565113,total,252692.00,257306.00,509998.00,257306,252692,184.00,188.00,372.00,188,184,0.00,0.00,0,0
1520565114,s1,0.00,0.00,0.00,0,0,0.00,0.00,0.00,0,0,0.00,0.00,0,0
1520565114,eth0,0.00,59.94,59.94,60,0,0.00,1.00,1.00,1,0,0.00,0.00,0,0
1520565114,eth1,0.00,0.00,0.00,0,0,0.00,0.00,0.00,0,0,0.00,0.00,0,0
1520565114,s1-eth2,5838.16,258029.98,263868.12,258288,5844,85.91,95.90,181.82,96,86,0.00,0.00,0,0
1520565114,s1-eth1,246127.88,5760.24,251888.12,5766,246374,90.91,84.92,175.82,85,91,0.00,0.00,0,0
1520565114,lo,0.00,0.00,0.00,0,0,0.00,0.00,0.00,0,0,0.00,0.00,0,0
1520565114,total,251966.05,263850.16,515816.19,264114,252218,176.82,181.82,358.64,182,177,0.00,0.00,0,0
1520565115,s1,0.00,0.00,0.00,0,0,0.00,0.00,0.00,0,0,0.00,0.00,0,0
1520565115,eth0,0.00,60.00,60.00,60,0,0.00,1.00,1.00,1,0,0.00,0.00,0,0
1520565115,eth1,0.00,0.00,0.00,0,0,0.00,0.00,0.00,0,0,0.00,0.00,0,0
1520565115,s1-eth2,5916.00,255194.00,261110.00,255194,5916,88.00,93.00,181.00,93,88,0.00,0.00,0,0
1520565115,s1-eth1,243346.00,5916.00,249262.00,5916,243346,89.00,88.00,177.00,88,89,0.00,0.00,0,0
1520565115,lo,172.00,172.00,344.00,172,172,3.00,3.00,6.00,3,3,0.00,0.00,0,0
1520565115,total,249434.00,261342.00,510776.00,261342,249434,180.00,185.00,365.00,185,180,0.00,0.00,0,0
1520565116,s1,0.00,0.00,0.00,0,0,0.00,0.00,0.00,0,0,0.00,0.00,0,0
1520565116,eth0,0.00,60.00,60.00,60,0,0.00,1.00,1.00,1,0,0.00,0.00,0,0
1520565116,eth1,0.00,0.00,0.00,0,0,0.00,0.00,0.00,0,0,0.00,0.00,0,0
1520565116,s1-eth2,5760.00,250586.00,256346.00,250586,5760,82.00,89.00,171.00,89,82,0.00,0.00,0,0
1520565116,s1-eth1,245978.00,5418.00,251396.00,5418,245978,85.00,81.00,166.00,81,85,0.00,0.00,0,0
1520565116,lo,0.00,0.00,0.00,0,0,0.00,0.00,0.00,0,0,0.00,0.00,0,0
1520565116,total,251738.00,256064.00,507802.00,256064,251738,167.00,171.00,338.00,171,167,0.00,0.00,0,0
1520565117,s1,0.00,0.00,0.00,0,0,0.00,0.00,0.00,0,0,0.00,0.00,0,0
1520565117,eth0,0.00,120.00,120.00,120,0,0.00,2.00,2.00,2,0,0.00,0.00,0,0
1520565117,eth1,0.00,0.00,0.00,0,0,0.00,0.00,0.00,0,0,0.00,0.00,0,0
1520565117,s1-eth2,6108.00,255326.00,261434.00,255326,6108,90.00,95.00,185.00,95,90,0.00,0.00,0,0
1520565117,s1-eth1,243610.00,6108.00,249718.00,6108,243610,93.00,90.00,183.00,90,93,0.00,0.00,0,0
1520565117,lo,0.00,0.00,0.00,0,0,0.00,0.00,0.00,0,0,0.00,0.00,0,0
1520565117,total,249718.00,261554.00,511272.00,261554,249718,183.00,187.00,370.00,187,183,0.00,0.00,0,0
1520565118,s1,0.00,0.00,0.00,0,0,0.00,0.00,0.00,0,0,0.00,0.00,0,0
1520565118,eth0,0.00,0.00,0.00,0,0,0.00,0.00,0.00,0,0,0.00,0.00,0,0
1520565118,eth1,0.00,0.00,0.00,0,0,0.00,0.00,0.00,0,0,0.00,0.00,0,0
1520565118,s1-eth2,5286.00,251968.00,257254.00,251968,5286,79.00,88.00,167.00,88,79,0.00,0.00,0,0
1520565118,s1-eth1,246044.00,5286.00,251330.00,5286,246044,86.00,79.00,165.00,79,86,0.00,0.00,0,0
1520565118,lo,0.00,0.00,0.00,0,0,0.00,0.00,0.00,0,0,0.00,0.00,0,0
1520565118,total,251330.00,257254.00,508584.00,257254,251330,165.00,167.00,332.00,167,165,0.00,0.00,0,0
1520565119,s1,0.00,0.00,0.00,0,0,0.00,0.00,0.00,0,0,0.00,0.00,0,0
1520565119,eth0,0.00,60.00,60.00,60,0,0.00,1.00,1.00,1,0,0.00,0.00,0,0
1520565119,eth1,0.00,0.00,0.00,0,0,0.00,0.00,0.00,0,0,0.00,0.00,0,0
1520565119,s1-eth2,5916.00,252232.00,258148.00,252232,5916,88.00,92.00,180.00,92,88,0.00,0.00,0,0
1520565119,s1-eth1,246308.00,5916.00,252224.00,5916,246308,90.00,88.00,178.00,88,90,0.00,0.00,0,0
1520565119,lo,0.00,0.00,0.00,0,0,0.00,0.00,0.00,0,0,0.00,0.00,0,0
1520565119,total,252224.00,258208.00,510432.00,258208,252224,178.00,181.00,359.00,181,178,0.00,0.00,0,0
1520565120,s1,0.00,0.00,0.00,0,0,0.00,0.00,0.00,0,0,0.00,0.00,0,0
1520565120,eth0,0.00,60.00,60.00,60,0,0.00,1.00,1.00,1,0,0.00,0.00,0,0
1520565120,eth1,0.00,0.00,0.00,0,0,0.00,0.00,0.00,0,0,0.00,0.00,0,0
1520565120,s1-eth2,6634.00,258882.00,265516.00,258882,6634,95.00,105.00,200.00,105,95,0.00,0.00,0,0
1520565120,s1-eth1,243940.00,6634.00,250574.00,6634,243940,98.00,95.00,193.00,95,98,0.00,0.00,0,0
1520565120,lo,172.00,172.00,344.00,172,172,3.00,3.00,6.00,3,3,0.00,0.00,0,0
1520565120,total,250746.00,265748.00,516494.00,265748,250746,196.00,204.00,400.00,204,196,0.00,0.00,0,0
1520565121,s1,0.00,0.00,0.00,0,0,0.00,0.00,0.00,0,0,0.00,0.00,0,0
1520565121,eth0,0.00,60.00,60.00,60,0,0.00,1.00,1.00,1,0,0.00,0.00,0,0
1520565121,eth1,0.00,0.00,0.00,0,0,0.00,0.00,0.00,0,0,0.00,0.00,0,0
1520565121,s1-eth2,4578.00,199048.00,203626.00,199048,4578,67.00,76.00,143.00,76,67,0.00,0.00,0,0
1520565121,s1-eth1,190096.00,4578.00,194674.00,4578,190096,72.00,67.00,139.00,67,72,0.00,0.00,0,0
1520565121,lo,0.00,0.00,0.00,0,0,0.00,0.00,0.00,0,0,0.00,0.00,0,0
1520565121,total,194674.00,203686.00,398360.00,203686,194674,139.00,144.00,283.00,144,139,0.00,0.00,0,0
1520565122,s1,0.00,0.00,0.00,0,0,0.00,0.00,0.00,0,0,0.00,0.00,0,0
1520565122,eth0,0.00,0.00,0.00,0,0,0.00,0.00,0.00,0,0,0.00,0.00,0,0
1520565122,eth1,0.00,0.00,0.00,0,0,0.00,0.00,0.00,0,0,0.00,0.00,0,0
1520565122,s1-eth2,6408.00,258816.00,265224.00,258816,6408,94.00,104.00,198.00,104,94,0.00,0.00,0,0
1520565122,s1-eth1,241044.00,6408.00,247452.00,6408,241044,98.00,94.00,192.00,94,98,0.00,0.00,0,0
1520565122,lo,0.00,0.00,0.00,0,0,0.00,0.00,0.00,0,0,0.00,0.00,0,0
1520565122,total,247452.00,265224.00,512676.00,265224,247452,192.00,198.00,390.00,198,192,0.00,0.00,0,0
1520565123,s1,0.00,0.00,0.00,0,0,0.00,0.00,0.00,0,0,0.00,0.00,0,0
1520565123,eth0,0.00,0.00,0.00,0,0,0.00,0.00,0.00,0,0,0.00,0.00,0,0
1520565123,eth1,0.00,0.00,0.00,0,0,0.00,0.00,0.00,0,0,0.00,0.00,0,0
1520565123,s1-eth2,6270.00,258486.00,264756.00,258486,6270,93.00,99.00,192.00,99,93,0.00,0.00,0,0
1520565123,s1-eth1,246704.00,6336.00,253040.00,6336,246704,96.00,94.00,190.00,94,96,0.00,0.00,0,0
1520565123,lo,0.00,0.00,0.00,0,0,0.00,0.00,0.00,0,0,0.00,0.00,0,0
1520565123,total,252974.00,264822.00,517796.00,264822,252974,189.00,193.00,382.00,193,189,0.00,0.00,0,0
1520565124,s1,0.00,0.00,0.00,0,0,0.00,0.00,0.00,0,0,0.00,0.00,0,0
1520565124,eth0,0.00,60.00,60.00,60,0,0.00,1.00,1.00,1,0,0.00,0.00,0,0
1520565124,eth1,0.00,0.00,0.00,0,0,0.00,0.00,0.00,0,0,0.00,0.00,0,0
1520565124,s1-eth2,6474.00,258420.00,264894.00,258420,6474,91.00,98.00,189.00,98,91,0.00,0.00,0,0
1520565124,s1-eth1,246572.00,6066.00,252638.00,6066,246572,94.00,89.00,183.00,89,94,0.00,0.00,0,0
1520565124,lo,0.00,0.00,0.00,0,0,0.00,0.00,0.00,0,0,0.00,0.00,0,0
1520565124,total,253046.00,264546.00,517592.00,264546,253046,185.00,188.00,373.00,188,185,0.00,0.00,0,0
1520565125,s1,0.00,0.00,0.00,0,0,0.00,0.00,0.00,0,0,0.00,0.00,0,0
1520565125,eth0,0.00,275.00,275.00,275,0,0.00,2.00,2.00,2,0,0.00,0.00,0,0
1520565125,eth1,0.00,0.00,0.00,0,0,0.00,0.00,0.00,0,0,0.00,0.00,0,0
1520565125,s1-eth2,5514.00,251902.00,257416.00,251902,5514,83.00,87.00,170.00,87,83,0.00,0.00,0,0
1520565125,s1-eth1,243016.00,5514.00,248530.00,5514,243016,84.00,83.00,167.00,83,84,0.00,0.00,0,0
1520565125,lo,172.00,172.00,344.00,172,172,3.00,3.00,6.00,3,3,0.00,0.00,0,0
1520565125,total,248702.00,257863.00,506565.00,257863,248702,170.00,175.00,345.00,175,170,0.00,0.00,0,0
1520565126,s1,0.00,0.00,0.00,0,0,0.00,0.00,0.00,0,0,0.00,0.00,0,0
1520565126,eth0,0.00,120.00,120.00,120,0,0.00,2.00,2.00,2,0,0.00,0.00,0,0
1520565126,eth1,0.00,0.00,0.00,0,0,0.00,0.00,0.00,0,0,0.00,0.00,0,0
1520565126,s1-eth2,6264.00,252496.00,258760.00,252496,6264,92.00,96.00,188.00,96,92,0.00,0.00,0,0
1520565126,s1-eth1,246572.00,6264.00,252836.00,6264,246572,94.00,92.00,186.00,92,94,0.00,0.00,0,0
1520565126,lo,0.00,0.00,0.00,0,0,0.00,0.00,0.00,0,0,0.00,0.00,0,0
1520565126,total,252836.00,258880.00,511716.00,258880,252836,186.00,190.00,376.00,190,186,0.00,0.00,0,0
1520565127,s1,0.00,0.00,0.00,0,0,0.00,0.00,0.00,0,0,0.00,0.00,0,0
1520565127,eth0,0.00,60.00,60.00,60,0,0.00,1.00,1.00,1,0,0.00,0.00,0,0
1520565127,eth1,0.00,0.00,0.00,0,0,0.00,0.00,0.00,0,0,0.00,0.00,0,0
1520565127,s1-eth2,5940.00,253746.00,259686.00,253746,5940,88.00,93.00,181.00,93,88,0.00,0.00,0,0
1520565127,s1-eth1,244794.00,5940.00,250734.00,5940,244794,89.00,88.00,177.00,88,89,0.00,0.00,0,0
1520565127,lo,0.00,0.00,0.00,0,0,0.00,0.00,0.00,0,0,0.00,0.00,0,0
1520565127,total,250734.00,259746.00,510480.00,259746,250734,177.00,182.00,359.00,182,177,0.00,0.00,0,0
1520565128,s1,0.00,0.00,0.00,0,0,0.00,0.00,0.00,0,0,0.00,0.00,0,0
1520565128,eth0,0.00,60.00,60.00,60,0,0.00,1.00,1.00,1,0,0.00,0.00,0,0
1520565128,eth1,0.00,0.00,0.00,0,0,0.00,0.00,0.00,0,0,0.00,0.00,0,0
1520565128,s1-eth2,5476.00,254930.00,260406.00,254930,5476,82.00,89.00,171.00,89,82,0.00,0.00,0,0
1520565128,s1-eth1,244596.00,5542.00,250138.00,5542,244596,86.00,83.00,169.00,83,86,0.00,0.00,0,0
1520565128,lo,0.00,0.00,0.00,0,0,0.00,0.00,0.00,0,0,0.00,0.00,0,0
1520565128,total,250072.00,260532.00,510604.00,260532,250072,168.00,173.00,341.00,173,168,0.00,0.00,0,0
1520565129,s1,0.00,0.00,0.00,0,0,0.00,0.00,0.00,0,0,0.00,0.00,0,0
1520565129,eth0,0.00,60.00,60.00,60,0,0.00,1.00,1.00,1,0,0.00,0.00,0,0
1520565129,eth1,0.00,0.00,0.00,0,0,0.00,0.00,0.00,0,0,0.00,0.00,0,0
1520565129,s1-eth2,5694.00,249006.00,254700.00,249006,5694,85.00,87.00,172.00,87,85,0.00,0.00,0,0
1520565129,s1-eth1,246044.00,5628.00,251672.00,5628,246044,86.00,84.00,170.00,84,86,0.00,0.00,0,0
1520565129,lo,0.00,0.00,0.00,0,0,0.00,0.00,0.00,0,0,0.00,0.00,0,0
1520565129,total,251738.00,254694.00,506432.00,254694,251738,171.00,172.00,343.00,172,171,0.00,0.00,0,0
1520565130,s1,0.00,0.00,0.00,0,0,0.00,0.00,0.00,0,0,0.00,0.00,0,0
1520565130,eth0,0.00,0.00,0.00,0,0,0.00,0.00,0.00,0,0,0.00,0.00,0,0
1520565130,eth1,0.00,0.00,0.00,0,0,0.00,0.00,0.00,0,0,0.00,0.00,0,0
1520565130,s1-eth2,6480.00,248284.00,254764.00,248284,6480,94.00,98.00,192.00,98,94,0.00,0.00,0,0
1520565130,s1-eth1,243808.00,6480.00,250288.00,6480,243808,96.00,94.00,190.00,94,96,0.00,0.00,0,0
1520565130,lo,172.00,172.00,344.00,172,172,3.00,3.00,6.00,3,3,0.00,0.00,0,0
1520565130,total,250460.00,254936.00,505396.00,254936,250460,193.00,195.00,388.00,195,193,0.00,0.00,0,0
1520565131,s1,0.00,0.00,0.00,0,0,0.00,0.00,0.00,0,0,0.00,0.00,0,0
1520565131,eth0,0.00,146.00,146.00,146,0,0.00,2.00,2.00,2,0,0.00,0.00,0,0
1520565131,eth1,0.00,86.00,86.00,86,0,0.00,1.00,1.00,1,0,0.00,0.00,0,0
1520565131,s1-eth2,6114.00,255368.00,261482.00,255368,6114,91.00,96.00,187.00,96,91,0.00,0.00,0,0
1520565131,s1-eth1,246482.00,6114.00,252596.00,6114,246482,93.00,91.00,184.00,91,93,0.00,0.00,0,0
1520565131,lo,296.00,296.00,592.00,296,296,3.00,3.00,6.00,3,3,0.00,0.00,0,0
1520565131,total,252892.00,262010.00,514902.00,262010,252892,187.00,193.00,380.00,193,187,0.00,0.00,0,0
1520565132,s1,0.00,0.00,0.00,0,0,0.00,0.00,0.00,0,0,0.00,0.00,0,0
1520565132,eth0,0.00,300.00,300.00,300,0,0.00,5.00,5.00,5,0,0.00,0.00,0,0
1520565132,eth1,0.00,0.00,0.00,0,0,0.00,0.00,0.00,0,0,0.00,0.00,0,0
1520565132,s1-eth2,5004.00,202406.00,207410.00,202406,5004,74.00,83.00,157.00,83,74,0.00,0.00,0,0
1520565132,s1-eth1,187806.00,5004.00,192810.00,5004,187806,77.00,74.00,151.00,74,77,0.00,0.00,0,0
1520565132,lo,0.00,0.00,0.00,0,0,0.00,0.00,0.00,0,0,0.00,0.00,0,0
1520565132,total,192810.00,207710.00,400520.00,207710,192810,151.00,162.00,313.00,162,151,0.00,0.00,0,0
1520565133,s1,0.00,0.00,0.00,0,0,0.00,0.00,0.00,0,0,0.00,0.00,0,0
1520565133,eth0,0.00,300.00,300.00,300,0,0.00,5.00,5.00,5,0,0.00,0.00,0,0
1520565133,eth1,0.00,0.00,0.00,0,0,0.00,0.00,0.00,0,0,0.00,0.00,0,0
1520565133,s1-eth2,5394.00,250520.00,255914.00,250520,5394,81.00,88.00,169.00,88,81,0.00,0.00,0,0
1520565133,s1-eth1,245978.00,5472.00,251450.00,5472,245978,85.00,82.00,167.00,82,85,0.00,0.00,0,0
1520565133,lo,0.00,0.00,0.00,0,0,0.00,0.00,0.00,0,0,0.00,0.00,0,0
1520565133,total,251372.00,256292.00,507664.00,256292,251372,166.00,175.00,341.00,175,166,0.00,0.00,0,0
1520565134,s1,0.00,0.00,0.00,0,0,0.00,0.00,0.00,0,0,0.00,0.00,0,0
1520565134,eth0,0.00,0.00,0.00,0,0,0.00,0.00,0.00,0,0,0.00,0.00,0,0
1520565134,eth1,0.00,0.00,0.00,0,0,0.00,0.00,0.00,0,0,0.00,0.00,0,0
1520565134,s1-eth2,6090.00,250652.00,256742.00,250652,6090,91.00,90.00,181.00,90,91,0.00,0.00,0,0
1520565134,s1-eth1,246374.00,6012.00,252386.00,6012,246374,91.00,90.00,181.00,90,91,0.00,0.00,0,0
1520565134,lo,0.00,0.00,0.00,0,0,0.00,0.00,0.00,0,0,0.00,0.00,0,0
1520565134,total,252464.00,256664.00,509128.00,256664,252464,182.00,180.00,362.00,180,182,0.00,0.00,0,0
1520565135,s1,0.00,0.00,0.00,0,0,0.00,0.00,0.00,0,0,0.00,0.00,0,0
1520565135,eth0,0.00,60.00,60.00,60,0,0.00,1.00,1.00,1,0,0.00,0.00,0,0
1520565135,eth1,0.00,0.00,0.00,0,0,0.00,0.00,0.00,0,0,0.00,0.00,0,0
1520565135,s1-eth2,5754.00,251770.00,257524.00,251770,5754,83.00,85.00,168.00,85,83,0.00,0.00,0,0
1520565135,s1-eth1,242884.00,5412.00,248296.00,5412,242884,82.00,82.00,164.00,82,82,0.00,0.00,0,0
1520565135,lo,172.00,172.00,344.00,172,172,3.00,3.00,6.00,3,3,0.00,0.00,0,0
1520565135,total,248810.00,257414.00,506224.00,257414,248810,168.00,171.00,339.00,171,168,0.00,0.00,0,0
1520565136,s1,0.00,0.00,0.00,0,0,0.00,0.00,0.00,0,0,0.00,0.00,0,0
1520565136,eth0,0.00,60.00,60.00,60,0,0.00,1.00,1.00,1,0,0.00,0.00,0,0
1520565136,eth1,0.00,0.00,0.00,0,0,0.00,0.00,0.00,0,0,0.00,0.00,0,0
1520565136,s1-eth2,6222.00,246770.00,252992.00,246770,6222,91.00,97.00,188.00,97,91,0.00,0.00,0,0
1520565136,s1-eth1,246770.00,6222.00,252992.00,6222,246770,97.00,91.00,188.00,91,97,0.00,0.00,0,0
1520565136,lo,0.00,0.00,0.00,0,0,0.00,0.00,0.00,0,0,0.00,0.00,0,0
1520565136,total,252992.00,253052.00,506044.00,253052,252992,188.00,189.00,377.00,189,188,0.00,0.00,0,0
1520565137,s1,0.00,0.00,0.00,0,0,0.00,0.00,0.00,0,0,0.00,0.00,0,0
1520565137,eth0,0.00,60.00,60.00,60,0,0.00,1.00,1.00,1,0,0.00,0.00,0,0
1520565137,eth1,0.00,0.00,0.00,0,0,0.00,0.00,0.00,0,0,0.00,0.00,0,0
1520565137,s1-eth2,6696.00,258816.00,265512.00,258816,6696,98.00,104.00,202.00,104,98,0.00,0.00,0,0
1520565137,s1-eth1,244006.00,6696.00,250702.00,6696,244006,99.00,98.00,197.00,98,99,0.00,0.00,0,0
1520565137,lo,0.00,0.00,0.00,0,0,0.00,0.00,0.00,0,0,0.00,0.00,0,0
1520565137,total,250702.00,265572.00,516274.00,265572,250702,197.00,203.00,400.00,203,197,0.00,0.00,0,0
1520565138,s1,0.00,0.00,0.00,0,0,0.00,0.00,0.00,0,0,0.00,0.00,0,0
1520565138,eth0,0.00,60.00,60.00,60,0,0.00,1.00,1.00,1,0,0.00,0.00,0,0
1520565138,eth1,0.00,0.00,0.00,0,0,0.00,0.00,0.00,0,0,0.00,0.00,0,0
1520565138,s1-eth2,6426.00,254340.00,260766.00,254340,6426,95.00,102.00,197.00,102,95,0.00,0.00,0,0
1520565138,s1-eth1,243874.00,6426.00,250300.00,6426,243874,97.00,95.00,192.00,95,97,0.00,0.00,0,0
1520565138,lo,0.00,0.00,0.00,0,0,0.00,0.00,0.00,0,0,0.00,0.00,0,0
1520565138,total,250300.00,260826.00,511126.00,260826,250300,192.00,198.00,390.00,198,192,0.00,0.00,0,0
1520565139,s1,0.00,0.00,0.00,0,0,0.00,0.00,0.00,0,0,0.00,0.00,0,0
1520565139,eth0,636.00,738.00,1374.00,738,636,6.00,6.00,12.00,6,6,0.00,0.00,0,0
1520565139,eth1,0.00,0.00,0.00,0,0,0.00,0.00,0.00,0,0,0.00,0.00,0,0
1520565139,s1-eth2,5958.00,254798.00,260756.00,254798,5958,85.00,87.00,172.00,87,85,0.00,0.00,0,0
1520565139,s1-eth1,243382.00,5448.00,248830.00,5448,243382,85.00,82.00,167.00,82,85,0.00,0.00,0,0
1520565139,lo,682.00,682.00,1364.00,682,682,8.00,8.00,16.00,8,8,0.00,0.00,0,0
1520565139,total,250658.00,261666.00,512324.00,261666,250658,184.00,183.00,367.00,183,184,0.00,0.00,0,0
1520565140,s1,0.00,0.00,0.00,0,0,0.00,0.00,0.00,0,0,0.00,0.00,0,0
1520565140,eth0,642.00,2268.00,2910.00,2268,642,7.00,31.00,38.00,31,7,0.00,0.00,0,0
1520565140,eth1,0.00,0.00,0.00,0,0,0.00,0.00,0.00,0,0,0.00,0.00,0,0
1520565140,s1-eth2,6394.00,249600.00,255994.00,249600,6394,93.00,96.00,189.00,96,93,0.00,0.00,0,0
1520565140,s1-eth1,246806.00,6144.00,252950.00,6144,246806,97.00,90.00,187.00,90,97,0.00,0.00,0,0
1520565140,lo,854.00,854.00,1708.00,854,854,11.00,11.00,22.00,11,11,0.00,0.00,0,0
1520565140,total,254696.00,258866.00,513562.00,258866,254696,208.00,228.00,436.00,228,208,0.00,0.00,0,0
1520565141,s1,0.00,0.00,0.00,0,0,0.00,0.00,0.00,0,0,0.00,0.00,0,0
1520565141,eth0,278.00,2051.00,2329.00,2051,278,3.00,31.00,34.00,31,3,0.00,0.00,0,0
1520565141,eth1,0.00,0.00,0.00,0,0,0.00,0.00,0.00,0,0,0.00,0.00,0,0
1520565141,s1-eth2,5940.00,253614.00,259554.00,253614,5940,88.00,91.00,179.00,91,88,0.00,0.00,0,0
1520565141,s1-eth1,243464.00,5850.00,249314.00,5850,243464,90.00,87.00,177.00,87,90,0.00,0.00,0,0
1520565141,lo,341.00,341.00,682.00,341,341,4.00,4.00,8.00,4,4,0.00,0.00,0,0
1520565141,total,250023.00,261856.00,511879.00,261856,250023,185.00,213.00,398.00,213,185,0.00,0.00,0,0
1520565142,s1,0.00,0.00,0.00,0,0,0.00,0.00,0.00,0,0,0.00,0.00,0,0
1520565142,eth0,191.43,3335.00,3526.42,3345,192,1.99,52.84,54.84,53,2,0.00,0.00,0,0
1520565142,eth1,0.00,0.00,0.00,0,0,0.00,0.00,0.00,0,0,0.00,0.00,0,0
1520565142,s1-eth2,6155.53,248590.23,254745.77,249336,6174,86.74,91.72,178.46,92,87,0.00,0.00,0,0
1520565142,s1-eth1,245912.27,5880.36,251792.62,5898,246650,90.73,86.74,177.47,87,91,0.00,0.00,0,0
1520565142,lo,339.98,339.98,679.96,341,341,3.99,3.99,7.98,4,4,0.00,0.00,0,0
1520565142,total,252599.20,258145.56,510744.78,258920,253357,183.45,235.29,418.74,236,184,0.00,0.00,0,0
1520565143,s1,0.00,0.00,0.00,0,0,0.00,0.00,0.00,0,0,0.00,0.00,0,0
1520565143,eth0,60.00,3060.00,3120.00,3060,60,1.00,51.00,52.00,51,1,0.00,0.00,0,0
1520565143,eth1,0.00,0.00,0.00,0,0,0.00,0.00,0.00,0,0,0.00,0.00,0,0
1520565143,s1-eth2,5562.00,257958.00,263520.00,257958,5562,83.00,91.00,174.00,91,83,0.00,0.00,0,0
1520565143,s1-eth1,246176.00,5496.00,251672.00,5496,246176,88.00,82.00,170.00,82,88,0.00,0.00,0,0
1520565143,lo,0.00,0.00,0.00,0,0,0.00,0.00,0.00,0,0,0.00,0.00,0,0
1520565143,total,251798.00,266514.00,518312.00,266514,251798,172.00,224.00,396.00,224,172,0.00,0.00,0,0
1520565144,s1,0.00,0.00,0.00,0,0,0.00,0.00,0.00,0,0,0.00,0.00,0,0
1520565144,eth0,86.00,1218.00,1304.00,1218,86,1.00,20.00,21.00,20,1,0.00,0.00,0,0
1520565144,eth1,0.00,0.00,0.00,0,0,0.00,0.00,0.00,0,0,0.00,0.00,0,0
1520565144,s1-eth2,5776.00,249204.00,254980.00,249204,5776,86.00,90.00,176.00,90,86,0.00,0.00,0,0
1520565144,s1-eth1,243280.00,5706.00,248986.00,5706,243280,88.00,85.00,173.00,85,88,0.00,0.00,0,0
1520565144,lo,0.00,0.00,0.00,0,0,0.00,0.00,0.00,0,0,0.00,0.00,0,0
1520565144,total,249142.00,256128.00,505270.00,256128,249142,175.00,195.00,370.00,195,175,0.00,0.00,0,0
1520565145,s1,0.00,0.00,0.00,0,0,0.00,0.00,0.00,0,0,0.00,0.00,0,0
1520565145,eth0,86.00,1998.00,2084.00,1998,86,1.00,33.00,34.00,33,1,0.00,0.00,0,0
1520565145,eth1,0.00,0.00,0.00,0,0,0.00,0.00,0.00,0,0,0.00,0.00,0,0
1520565145,s1-eth2,6066.00,249402.00,255468.00,249402,6066,89.00,93.00,182.00,93,89,0.00,0.00,0,0
1520565145,s1-eth1,246444.00,6066.00,252510.00,6066,246444,92.00,89.00,181.00,89,92,0.00,0.00,0,0
1520565145,lo,172.00,172.00,344.00,172,172,3.00,3.00,6.00,3,3,0.00,0.00,0,0
1520565145,total,252768.00,257638.00,510406.00,257638,252768,185.00,218.00,403.00,218,185,0.00,0.00,0,0
1520565146,s1,0.00,0.00,0.00,0,0,0.00,0.00,0.00,0,0,0.00,0.00,0,0
1520565146,eth0,0.00,3000.00,3000.00,3000,0,0.00,50.00,50.00,50,0,0.00,0.00,0,0
1520565146,eth1,0.00,0.00,0.00,0,0,0.00,0.00,0.00,0,0,0.00,0.00,0,0
1520565146,s1-eth2,5976.00,252364.00,258340.00,252364,5976,88.00,94.00,182.00,94,88,0.00,0.00,0,0
1520565146,s1-eth1,243754.00,5976.00,249730.00,5976,243754,91.00,88.00,179.00,88,91,0.00,0.00,0,0
1520565146,lo,0.00,0.00,0.00,0,0,0.00,0.00,0.00,0,0,0.00,0.00,0,0
1520565146,total,249730.00,261340.00,511070.00,261340,249730,179.00,232.00,411.00,232,179,0.00,0.00,0,0
1520565147,s1,0.00,0.00,0.00,0,0,0.00,0.00,0.00,0,0,0.00,0.00,0,0
1520565147,eth0,0.00,299.70,299.70,300,0,0.00,5.00,5.00,5,0,0.00,0.00,0,0
1520565147,eth1,0.00,0.00,0.00,0,0,0.00,0.00,0.00,0,0,0.00,0.00,0,0
1520565147,s1-eth2,6263.74,258161.84,264425.59,258420,6270,92.91,97.90,190.81,98,93,0.00,0.00,0,0
1520565147,s1-eth1,246325.69,6263.74,252589.42,6270,246572,93.91,92.91,186.81,93,94,0.00,0.00,0,0
1520565147,lo,0.00,0.00,0.00,0,0,0.00,0.00,0.00,0,0,0.00,0.00,0,0
1520565147,total,252589.42,264725.28,517314.69,264990,252842,186.81,195.80,382.62,196,187,0.00,0.00,0,0
1520565148,s1,0.00,0.00,0.00,0,0,0.00,0.00,0.00,0,0,0.00,0.00,0,0
1520565148,eth0,0.00,60.00,60.00,60,0,0.00,1.00,1.00,1,0,0.00,0.00,0,0
1520565148,eth1,0.00,0.00,0.00,0,0,0.00,0.00,0.00,0,0,0.00,0.00,0,0
1520565148,s1-eth2,6340.00,256576.00,262916.00,256576,6340,90.00,92.00,182.00,92,90,0.00,0.00,0,0
1520565148,s1-eth1,246242.00,5928.00,252170.00,5928,246242,89.00,88.00,177.00,88,89,0.00,0.00,0,0
1520565148,lo,0.00,0.00,0.00,0,0,0.00,0.00,0.00,0,0,0.00,0.00,0,0
1520565148,total,252582.00,262564.00,515146.00,262564,252582,179.00,181.00,360.00,181,179,0.00,0.00,0,0
1520565149,s1,0.00,0.00,0.00,0,0,0.00,0.00,0.00,0,0,0.00,0.00,0,0
1520565149,eth0,0.00,60.00,60.00,60,0,0.00,1.00,1.00,1,0,0.00,0.00,0,0
1520565149,eth1,0.00,0.00,0.00,0,0,0.00,0.00,0.00,0,0,0.00,0.00,0,0
1520565149,s1-eth2,5526.00,251968.00,257494.00,251968,5526,83.00,88.00,171.00,88,83,0.00,0.00,0,0
1520565149,s1-eth1,243152.00,5526.00,248678.00,5526,243152,86.00,83.00,169.00,83,86,0.00,0.00,0,0
1520565149,lo,0.00,0.00,0.00,0,0,0.00,0.00,0.00,0,0,0.00,0.00,0,0
1520565149,total,248678.00,257554.00,506232.00,257554,248678,169.00,172.00,341.00,172,169,0.00,0.00,0,0
1520565150,s1,0.00,0.00,0.00,0,0,0.00,0.00,0.00,0,0,0.00,0.00,0,0
1520565150,eth0,0.00,60.00,60.00,60,0,0.00,1.00,1.00,1,0,0.00,0.00,0,0
1520565150,eth1,0.00,0.00,0.00,0,0,0.00,0.00,0.00,0,0,0.00,0.00,0,0
1520565150,s1-eth2,5640.00,246176.00,251816.00,246176,5640,84.00,88.00,172.00,88,84,0.00,0.00,0,0
1520565150,s1-eth1,246176.00,5640.00,251816.00,5640,246176,88.00,84.00,172.00,84,88,0.00,0.00,0,0
1520565150,lo,172.00,172.00,344.00,172,172,3.00,3.00,6.00,3,3,0.00,0.00,0,0
1520565150,total,251988.00,252048.00,504036.00,252048,251988,175.00,176.00,351.00,176,175,0.00,0.00,0,0
1520565151,s1,0.00,0.00,0.00,0,0,0.00,0.00,0.00,0,0,0.00,0.00,0,0
1520565151,eth0,0.00,60.00,60.00,60,0,0.00,1.00,1.00,1,0,0.00,0.00,0,0
1520565151,eth1,0.00,0.00,0.00,0,0,0.00,0.00,0.00,0,0,0.00,0.00,0,0
1520565151,s1-eth2,6030.00,252364.00,258394.00,252364,6030,89.00,94.00,183.00,94,89,0.00,0.00,0,0
1520565151,s1-eth1,243478.00,6030.00,249508.00,6030,243478,91.00,89.00,180.00,89,91,0.00,0.00,0,0
1520565151,lo,0.00,0.00,0.00,0,0,0.00,0.00,0.00,0,0,0.00,0.00,0,0
1520565151,total,249508.00,258454.00,507962.00,258454,249508,180.00,184.00,364.00,184,180,0.00,0.00,0,0
1520565152,s1,0.00,0.00,0.00,0,0,0.00,0.00,0.00,0,0,0.00,0.00,0,0
1520565152,eth0,0.00,60.00,60.00,60,0,0.00,1.00,1.00,1,0,0.00,0.00,0,0
1520565152,eth1,0.00,0.00,0.00,0,0,0.00,0.00,0.00,0,0,0.00,0.00,0,0
1520565152,s1-eth2,6018.00,252298.00,258316.00,252298,6018,89.00,93.00,182.00,93,89,0.00,0.00,0,0
1520565152,s1-eth1,246374.00,6084.00,252458.00,6084,246374,91.00,90.00,181.00,90,91,0.00,0.00,0,0
1520565152,lo,0.00,0.00,0.00,0,0,0.00,0.00,0.00,0,0,0.00,0.00,0,0
1520565152,total,252392.00,258442.00,510834.00,258442,252392,180.00,184.00,364.00,184,180,0.00,0.00,0,0
1520565153,s1,0.00,0.00,0.00,0,0,0.00,0.00,0.00,0,0,0.00,0.00,0,0
1520565153,eth0,0.00,0.00,0.00,0,0,0.00,0.00,0.00,0,0,0.00,0.00,0,0
1520565153,eth1,0.00,0.00,0.00,0,0,0.00,0.00,0.00,0,0,0.00,0.00,0,0
1520565153,s1-eth2,5346.00,251770.00,257116.00,251770,5346,81.00,85.00,166.00,85,81,0.00,0.00,0,0
1520565153,s1-eth1,243226.00,5280.00,248506.00,5280,243226,83.00,80.00,163.00,80,83,0.00,0.00,0,0
1520565153,lo,0.00,0.00,0.00,0,0,0.00,0.00,0.00,0,0,0.00,0.00,0,0
1520565153,total,248572.00,257050.00,505622.00,257050,248572,164.00,165.00,329.00,165,164,0.00,0.00,0,0
1520565154,s1,0.00,0.00,0.00,0,0,0.00,0.00,0.00,0,0,0.00,0.00,0,0
1520565154,eth0,0.00,59.94,59.94,60,0,0.00,1.00,1.00,1,0,0.00,0.00,0,0
1520565154,eth1,0.00,0.00,0.00,0,0,0.00,0.00,0.00,0,0,0.00,0.00,0,0
1520565154,s1-eth2,659.34,10761.24,11420.58,10772,660,9.99,5.99,15.98,6,10,0.00,0.00,0,0
1520565154,s1-eth1,25556.44,659.34,26215.79,660,25582,10.99,9.99,20.98,10,11,0.00,0.00,0,0
1520565154,lo,0.00,0.00,0.00,0,0,0.00,0.00,0.00,0,0,0.00,0.00,0,0
1520565154,total,26215.79,11480.52,37696.30,11492,26242,20.98,16.98,37.96,17,21,0.00,0.00,0,0
1520565155,s1,0.00,0.00,0.00,0,0,0.00,0.00,0.00,0,0,0.00,0.00,0,0
1520565155,eth0,0.00,60.00,60.00,60,0,0.00,1.00,1.00,1,0,0.00,0.00,0,0
1520565155,eth1,0.00,0.00,0.00,0,0,0.00,0.00,0.00,0,0,0.00,0.00,0,0
1520565155,s1-eth2,0.00,0.00,0.00,0,0,0.00,0.00,0.00,0,0,0.00,0.00,0,0
1520565155,s1-eth1,0.00,0.00,0.00,0,0,0.00,0.00,0.00,0,0,0.00,0.00,0,0
1520565155,lo,172.00,172.00,344.00,172,172,3.00,3.00,6.00,3,3,0.00,0.00,0,0
1520565155,total,172.00,232.00,404.00,232,172,3.00,4.00,7.00,4,3,0.00,0.00,0,0
1520565156,s1,0.00,0.00,0.00,0,0,0.00,0.00,0.00,0,0,0.00,0.00,0,0
1520565156,eth0,0.00,359.64,359.64,360,0,0.00,5.99,5.99,6,