1520564719,s1,0.00,0.00,0.00,0,0,0.00,0.00,0.00,0,0,0.00,0.00,0,0
1520564719,eth0,0.00,0.00,0.00,0,0,0.00,0.00,0.00,0,0,0.00,0.00,0,0
1520564719,eth1,0.00,0.00,0.00,0,0,0.00,0.00,0.00,0,0,0.00,0.00,0,0
1520564719,s2,0.00,0.00,0.00,0,0,0.00,0.00,0.00,0,0,0.00,0.00,0,0
1520564719,s1-eth2,0.00,0.00,0.00,0,0,0.00,0.00,0.00,0,0,0.00,0.00,0,0
1520564719,s1-eth1,0.00,0.00,0.00,0,0,0.00,0.00,0.00,0,0,0.00,0.00,0,0
1520564719,s2-eth2,0.00,0.00,0.00,0,0,0.00,0.00,0.00,0,0,0.00,0.00,0,0
1520564719,s2-eth1,0.00,0.00,0.00,0,0,0.00,0.00,0.00,0,0,0.00,0.00,0,0
1520564719,lo,0.00,0.00,0.00,0,0,0.00,0.00,0.00,0,0,0.00,0.00,0,0
1520564719,total,0.00,0.00,0.00,0,0,0.00,0.00,0.00,0,0,0.00,0.00,0,0
1520564720,s1,0.00,0.00,0.00,0,0,0.00,0.00,0.00,0,0,0.00,0.00,0,0
1520564720,eth0,0.00,60.00,60.00,60,0,0.00,1.00,1.00,1,0,0.00,0.00,0,0
1520564720,eth1,0.00,0.00,0.00,0,0,0.00,0.00,0.00,0,0,0.00,0.00,0,0
1520564720,s2,0.00,0.00,0.00,0,0,0.00,0.00,0.00,0,0,0.00,0.00,0,0
1520564720,s1-eth2,0.00,0.00,0.00,0,0,0.00,0.00,0.00,0,0,0.00,0.00,0,0
1520564720,s1-eth1,0.00,0.00,0.00,0,0,0.00,0.00,0.00,0,0,0.00,0.00,0,0
1520564720,s2-eth2,0.00,0.00,0.00,0,0,0.00,0.00,0.00,0,0,0.00,0.00,0,0
1520564720,s2-eth1,0.00,0.00,0.00,0,0,0.00,0.00,0.00,0,0,0.00,0.00,0,0
1520564720,lo,0.00,0.00,0.00,0,0,0.00,0.00,0.00,0,0,0.00,0.00,0,0
1520564720,total,0.00,60.00,60.00,60,0,0.00,1.00,1.00,1,0,0.00,0.00,0,0
1520564721,s1,0.00,0.00,0.00,0,0,0.00,0.00,0.00,0,0,0.00,0.00,0,0
1520564721,eth0,0.00,59.88,59.88,60,0,0.00,1.00,1.00,1,0,0.00,0.00,0,0
1520564721,eth1,0.00,0.00,0.00,0,0,0.00,0.00,0.00,0,0,0.00,0.00,0,0
1520564721,s2,0.00,0.00,0.00,0,0,0.00,0.00,0.00,0,0,0.00,0.00,0,0
1520564721,s1-eth2,0.00,0.00,0.00,0,0,0.00,0.00,0.00,0,0,0.00,0.00,0,0
1520564721,s1-eth1,341.32,0.00,341.32,0,342,1.00,0.00,1.00,0,1,0.00,0.00,0,0
1520564721,s2-eth2,0.00,0.00,0.00,0,0,0.00,0.00,0.00,0,0,0.00,0.00,0,0
1520564721,s2-eth1,0.00,0.00,0.00,0,0,0.00,0.00,0.00,0,0,0.00,0.00,0,0
1520564721,lo,0.00,0.00,0.00,0,0,0.00,0.00,0.00,0,0,0.00,0.00,0,0
1520564721,total,341.32,59.88,401.20,60,342,1.00,1.00,2.00,1,1,0.00,0.00,0,0
1520564722,s1,0.00,0.00,0.00,0,0,0.00,0.00,0.00,0,0,0.00,0.00,0,0
1520564722,eth0,0.00,0.00,0.00,0,0,0.00,0.00,0.00,0,0,0.00,0.00,0,0
1520564722,eth1,0.00,0.00,0.00,0,0,0.00,0.00,0.00,0,0,0.00,0.00,0,0
1520564722,s2,0.00,0.00,0.00,0,0,0.00,0.00,0.00,0,0,0.00,0.00,0,0
1520564722,s1-eth2,0.00,0.00,0.00,0,0,0.00,0.00,0.00,0,0,0.00,0.00,0,0
1520564722,s1-eth1,0.00,0.00,0.00,0,0,0.00,0.00,0.00,0,0,0.00,0.00,0,0
1520564722,s2-eth2,0.00,0.00,0.00,0,0,0.00,0.00,0.00,0,0,0.00,0.00,0,0
1520564722,s2-eth1,0.00,0.00,0.00,0,0,0.00,0.00,0.00,0,0,0.00,0.00,0,0
1520564722,lo,344.00,344.00,688.00,344,344,6.00,6.00,12.00,6,6,0.00,0.00,0,0
1520564722,total,344.00,344.00,688.00,344,344,6.00,6.00,12.00,6,6,0.00,0.00,0,0
1520564723,s1,0.00,0.00,0.00,0,0,0.00,0.00,0.00,0,0,0.00,0.00,0,0
1520564723,eth0,0.00,0.00,0.00,0,0,0.00,0.00,0.00,0,0,0.00,0.00,0,0
1520564723,eth1,0.00,0.00,0.00,0,0,0.00,0.00,0.00,0,0,0.00,0.00,0,0
1520564723,s2,0.00,0.00,0.00,0,0,0.00,0.00,0.00,0,0,0.00,0.00,0,0
1520564723,s1-eth2,0.00,0.00,0.00,0,0,0.00,0.00,0.00,0,0,0.00,0.00,0,0
1520564723,s1-eth1,0.00,0.00,0.00,0,0,0.00,0.00,0.00,0,0,0.00,0.00,0,0
1520564723,s2-eth2,0.00,0.00,0.00,0,0,0.00,0.00,0.00,0,0,0.00,0.00,0,0
1520564723,s2-eth1,0.00,0.00,0.00,0,0,0.00,0.00,0.00,0,0,0.00,0.00,0,0
1520564723,lo,0.00,0.00,0.00,0,0,0.00,0.00,0.00,0,0,0.00,0.00,0,0
1520564723,total,0.00,0.00,0.00,0,0,0.00,0.00,0.00,0,0,0.00,0.00,0,0
1520564724,s1,0.00,0.00,0.00,0,0,0.00,0.00,0.00,0,0,0.00,0.00,0,0
1520564724,eth0,0.00,60.00,60.00,60,0,0.00,1.00,1.00,1,0,0.00,0.00,0,0
1520564724,eth1,0.00,0.00,0.00,0,0,0.00,0.00,0.00,0,0,0.00,0.00,0,0
1520564724,s2,0.00,0.00,0.00,0,0,0.00,0.00,0.00,0,0,0.00,0.00,0,0
1520564724,s1-eth2,0.00,0.00,0.00,0,0,0.00,0.00,0.00,0,0,0.00,0.00,0,0
1520564724,s1-eth1,0.00,0.00,0.00,0,0,0.00,0.00,0.00,0,0,0.00,0.00,0,0
1520564724,s2-eth2,0.00,0.00,0.00,0,0,0.00,0.00,0.00,0,0,0.00,0.00,0,0
1520564724,s2-eth1,0.00,0.00,0.00,0,0,0.00,0.00,0.00,0,0,0.00,0.00,0,0
1520564724,lo,0.00,0.00,0.00,0,0,0.00,0.00,0.00,0,0,0.00,0.00,0,0
1520564724,total,0.00,60.00,60.00,60,0,0.00,1.00,1.00,1,0,0.00,0.00,0,0
1520564725,s1,0.00,0.00,0.00,0,0,0.00,0.00,0.00,0,0,0.00,0.00,0,0
1520564725,eth0,0.00,60.00,60.00,60,0,0.00,1.00,1.00,1,0,0.00,0.00,0,0
1520564725,eth1,0.00,0.00,0.00,0,0,0.00,0.00,0.00,0,0,0.00,0.00,0,0
1520564725,s2,0.00,0.00,0.00,0,0,0.00,0.00,0.00,0,0,0.00,0.00,0,0
1520564725,s1-eth2,0.00,0.00,0.00,0,0,0.00,0.00,0.00,0,0,0.00,0.00,0,0
1520564725,s1-eth1,0.00,0.00,0.00,0,0,0.00,0.00,0.00,0,0,0.00,0.00,0,0
1520564725,s2-eth2,342.00,0.00,342.00,0,342,1.00,0.00,1.00,0,1,0.00,0.00,0,0
1520564725,s2-eth1,0.00,0.00,0.00,0,0,0.00,0.00,0.00,0,0,0.00,0.00,0,0
1520564725,lo,0.00,0.00,0.00,0,0,0.00,0.00,0.00,0,0,0.00,0.00,0,0
1520564725,total,342.00,60.00,402.00,60,342,1.00,1.00,2.00,1,1,0.00,0.00,0,0
1520564726,s1,0.00,0.00,0.00,0,0,0.00,0.00,0.00,0,0,0.00,0.00,0,0
1520564726,eth0,0.00,60.00,60.00,60,0,0.00,1.00,1.00,1,0,0.00,0.00,0,0
1520564726,eth1,0.00,0.00,0.00,0,0,0.00,0.00,0.00,0,0,0.00,0.00,0,0
1520564726,s2,0.00,0.00,0.00,0,0,0.00,0.00,0.00,0,0,0.00,0.00,0,0
1520564726,s1-eth2,0.00,0.00,0.00,0,0,0.00,0.00,0.00,0,0,0.00,0.00,0,0
1520564726,s1-eth1,0.00,0.00,0.00,0,0,0.00,0.00,0.00,0,0,0.00,0.00,0,0
1520564726,s2-eth2,0.00,0.00,0.00,0,0,0.00,0.00,0.00,0,0,0.00,0.00,0,0
1520564726,s2-eth1,0.00,0.00,0.00,0,0,0.00,0.00,0.00,0,0,0.00,0.00,0,0
1520564726,lo,0.00,0.00,0.00,0,0,0.00,0.00,0.00,0,0,0.00,0.00,0,0
1520564726,total,0.00,60.00,60.00,60,0,0.00,1.00,1.00,1,0,0.00,0.00,0,0
1520564727,s1,0.00,0.00,0.00,0,0,0.00,0.00,0.00,0,0,0.00,0.00,0,0
1520564727,eth0,0.00,0.00,0.00,0,0,0.00,0.00,0.00,0,0,0.00,0.00,0,0
1520564727,eth1,0.00,0.00,0.00,0,0,0.00,0.00,0.00,0,0,0.00,0.00,0,0
1520564727,s2,0.00,0.00,0.00,0,0,0.00,0.00,0.00,0,0,0.00,0.00,0,0
1520564727,s1-eth2,0.00,0.00,0.00,0,0,0.00,0.00,0.00,0,0,0.00,0.00,0,0
1520564727,s1-eth1,0.00,0.00,0.00,0,0,0.00,0.00,0.00,0,0,0.00,0.00,0,0
1520564727,s2-eth2,0.00,0.00,0.00,0,0,0.00,0.00,0.00,0,0,0.00,0.00,0,0
1520564727,s2-eth1,342.00,0.00,342.00,0,342,1.00,0.00,1.00,0,1,0.00,0.00,0,0
1520564727,lo,344.00,344.00,688.00,344,344,6.00,6.00,12.00,6,6,0.00,0.00,0,0
1520564727,total,686.00,344.00,1030.00,344,686,7.00,6.00,13.00,6,7,0.00,0.00,0,0
1520564728,s1,0.00,0.00,0.00,0,0,0.00,0.00,0.00,0,0,0.00,0.00,0,0
1520564728,eth0,0.00,60.00,60.00,60,0,0.00,1.00,1.00,1,0,0.00,0.00,0,0
1520564728,eth1,0.00,0.00,0.00,0,0,0.00,0.00,0.00,0,0,0.00,0.00,0,0
1520564728,s2,0.00,0.00,0.00,0,0,0.00,0.00,0.00,0,0,0.00,0.00,0,0
1520564728,s1-eth2,0.00,0.00,0.00,0,0,0.00,0.00,0.00,0,0,0.00,0.00,0,0
1520564728,s1-eth1,0.00,0.00,0.00,0,0,0.00,0.00,0.00,0,0,0.00,0.00,0,0
1520564728,s2-eth2,0.00,0.00,0.00,0,0,0.00,0.00,0.00,0,0,0.00,0.00,0,0
1520564728,s2-eth1,0.00,0.00,0.00,0,0,0.00,0.00,0.00,0,0,0.00,0.00,0,0
1520564728,lo,0.00,0.00,0.00,0,0,0.00,0.00,0.00,0,0,0.00,0.00,0,0
1520564728,total,0.00,60.00,60.00,60,0,0.00,1.00,1.00,1,0,0.00,0.00,0,0
1520564729,s1,0.00,0.00,0.00,0,0,0.00,0.00,0.00,0,0,0.00,0.00,0,0
1520564729,eth0,0.00,60.00,60.00,60,0,0.00,1.00,1.00,1,0,0.00,0.00,0,0
1520564729,eth1,0.00,0.00,0.00,0,0,0.00,0.00,0.00,0,0,0.00,0.00,0,0
1520564729,s2,0.00,0.00,0.00,0,0,0.00,0.00,0.00,0,0,0.00,0.00,0,0
1520564729,s1-eth2,0.00,0.00,0.00,0,0,0.00,0.00,0.00,0,0,0.00,0.00,0,0
1520564729,s1-eth1,342.00,0.00,342.00,0,342,1.00,0.00,1.00,0,1,0.00,0.00,0,0
1520564729,s2-eth2,0.00,0.00,0.00,0,0,0.00,0.00,0.00,0,0,0.00,0.00,0,0
1520564729,s2-eth1,0.00,0.00,0.00,0,0,0.00,0.00,0.00,0,0,0.00,0.00,0,0
1520564729,lo,0.00,0.00,0.00,0,0,0.00,0.00,0.00,0,0,0.00,0.00,0,0
1520564729,total,342.00,60.00,402.00,60,342,1.00,1.00,2.00,1,1,0.00,0.00,0,0
1520564730,s1,0.00,0.00,0.00,0,0,0.00,0.00,0.00,0,0,0.00,0.00,0,0
1520564730,eth0,0.00,60.00,60.00,60,0,0.00,1.00,1.00,1,0,0.00,0.00,0,0
1520564730,eth1,0.00,0.00,0.00,0,0,0.00,0.00,0.00,0,0,0.00,0.00,0,0
1520564730,s2,0.00,0.00,0.00,0,0,0.00,0.00,0.00,0,0,0.00,0.00,0,0
1520564730,s1-eth2,0.00,0.00,0.00,0,0,0.00,0.00,0.00,0,0,0.00,0.00,0,0
1520564730,s1-eth1,0.00,0.00,0.00,0,0,0.00,0.00,0.00,0,0,0.00,0.00,0,0
1520564730,s2-eth2,0.00,0.00,0.00,0,0,0.00,0.00,0.00,0,0,0.00,0.00,0,0
1520564730,s2-eth1,0.00,0.00,0.00,0,0,0.00,0.00,0.00,0,0,0.00,0.00,0,0
1520564730,lo,0.00,0.00,0.00,0,0,0.00,0.00,0.00,0,0,0.00,0.00,0,0
1520564730,total,0.00,60.00,60.00,60,0,0.00,1.00,1.00,1,0,0.00,0.00,0,0
1520564731,s1,0.00,0.00,0.00,0,0,0.00,0.00,0.00,0,0,0.00,0.00,0,0
1520564731,eth0,0.00,0.00,0.00,0,0,0.00,0.00,0.00,0,0,0.00,0.00,0,0
1520564731,eth1,0.00,0.00,0.00,0,0,0.00,0.00,0.00,0,0,0.00,0.00,0,0
1520564731,s2,0.00,0.00,0.00,0,0,0.00,0.00,0.00,0,0,0.00,0.00,0,0
1520564731,s1-eth2,0.00,0.00,0.00,0,0,0.00,0.00,0.00,0,0,0.00,0.00,0,0
1520564731,s1-eth1,0.00,0.00,0.00,0,0,0.00,0.00,0.00,0,0,0.00,0.00,0,0
1520564731,s2-eth2,0.00,0.00,0.00,0,0,0.00,0.00,0.00,0,0,0.00,0.00,0,0
1520564731,s2-eth1,0.00,0.00,0.00,0,0,0.00,0.00,0.00,0,0,0.00,0.00,0,0
1520564731,lo,0.00,0.00,0.00,0,0,0.00,0.00,0.00,0,0,0.00,0.00,0,0
1520564731,total,0.00,0.00,0.00,0,0,0.00,0.00,0.00,0,0,0.00,0.00,0,0
1520564732,s1,0.00,0.00,0.00,0,0,0.00,0.00,0.00,0,0,0.00,0.00,0,0
1520564732,eth0,0.00,0.00,0.00,0,0,0.00,0.00,0.00,0,0,0.00,0.00,0,0
1520564732,eth1,0.00,0.00,0.00,0,0,0.00,0.00,0.00,0,0,0.00,0.00,0,0
1520564732,s2,0.00,0.00,0.00,0,0,0.00,0.00,0.00,0,0,0.00,0.00,0,0
1520564732,s1-eth2,0.00,0.00,0.00,0,0,0.00,0.00,0.00,0,0,0.00,0.00,0,0
1520564732,s1-eth1,0.00,0.00,0.00,0,0,0.00,0.00,0.00,0,0,0.00,0.00,0,0
1520564732,s2-eth2,341.66,0.00,341.66,0,342,1.00,0.00,1.00,0,1,0.00,0.00,0,0
1520564732,s2-eth1,0.00,0.00,0.00,0,0,0.00,0.00,0.00,0,0,0.00,0.00,0,0
1520564732,lo,343.66,343.66,687.31,344,344,5.99,5.99,11.99,6,6,0.00,0.00,0,0
1520564732,total,685.31,343.66,1028.97,344,686,6.99,5.99,12.99,6,7,0.00,0.00,0,0
1520564733,s1,0.00,0.00,0.00,0,0,0.00,0.00,0.00,0,0,0.00,0.00,0,0
1520564733,eth0,0.00,120.00,120.00,120,0,0.00,2.00,2.00,2,0,0.00,0.00,0,0
1520564733,eth1,0.00,0.00,0.00,0,0,0.00,0.00,0.00,0,0,0.00,0.00,0,0
1520564733,s2,0.00,0.00,0.00,0,0,0.00,0.00,0.00,0,0,0.00,0.00,0,0
1520564733,s1-eth2,342.00,0.00,342.00,0,342,1.00,0.00,1.00,0,1,0.00,0.00,0,0
1520564733,s1-eth1,0.00,0.00,0.00,0,0,0.00,0.00,0.00,0,0,0.00,0.00,0,0
1520564733,s2-eth2,0.00,0.00,0.00,0,0,0.00,0.00,0.00,0,0,0.00,0.00,0,0
1520564733,s2-eth1,0.00,0.00,0.00,0,0,0.00,0.00,0.00,0,0,0.00,0.00,0,0
1520564733,lo,0.00,0.00,0.00,0,0,0.00,0.00,0.00,0,0,0.00,0.00,0,0
1520564733,total,342.00,120.00,462.00,120,342,1.00,2.00,3.00,2,1,0.00,0.00,0,0
1520564734,s1,0.00,0.00,0.00,0,0,0.00,0.00,0.00,0,0,0.00,0.00,0,0
1520564734,eth0,0.00,59.94,59.94,60,0,0.00,1.00,1.00,1,0,0.00,0.00,0,0
1520564734,eth1,0.00,0.00,0.00,0,0,0.00,0.00,0.00,0,0,0.00,0.00,0,0
1520564734,s2,0.00,0.00,0.00,0,0,0.00,0.00,0.00,0,0,0.00,0.00,0,0
1520564734,s1-eth2,0.00,0.00,0.00,0,0,0.00,0.00,0.00,0,0,0.00,0.00,0,0
1520564734,s1-eth1,0.00,0.00,0.00,0,0,0.00,0.00,0.00,0,0,0.00,0.00,0,0
1520564734,s2-eth2,0.00,0.00,0.00,0,0,0.00,0.00,0.00,0,0,0.00,0.00,0,0
1520564734,s2-eth1,0.00,0.00,0.00,0,0,0.00,0.00,0.00,0,0,0.00,0.00,0,0
1520564734,lo,0.00,0.00,0.00,0,0,0.00,0.00,0.00,0,0,0.00,0.00,0,0
1520564734,total,0.00,59.94,59.94,60,0,0.00,1.00,1.00,1,0,0.00,0.00,0,0
1520564735,s1,0.00,0.00,0.00,0,0,0.00,0.00,0.00,0,0,0.00,0.00,0,0
1520564735,eth0,0.00,60.00,60.00,60,0,0.00,1.00,1.00,1,0,0.00,0.00,0,0
1520564735,eth1,0.00,0.00,0.00,0,0,0.00,0.00,0.00,0,0,0.00,0.00,0,0
1520564735,s2,0.00,0.00,0.00,0,0,0.00,0.00,0.00,0,0,0.00,0.00,0,0
1520564735,s1-eth2,0.00,0.00,0.00,0,0,0.00,0.00,0.00,0,0,0.00,0.00,0,0
1520564735,s1-eth1,0.00,0.00,0.00,0,0,0.00,0.00,0.00,0,0,0.00,0.00,0,0
1520564735,s2-eth2,0.00,0.00,0.00,0,0,0.00,0.00,0.00,0,0,0.00,0.00,0,0
1520564735,s2-eth1,0.00,0.00,0.00,0,0,0.00,0.00,0.00,0,0,0.00,0.00,0,0
1520564735,lo,0.00,0.00,0.00,0,0,0.00,0.00,0.00,0,0,0.00,0.00,0,0
1520564735,total,0.00,60.00,60.00,60,0,0.00,1.00,1.00,1,0,0.00,0.00,0,0
1520564736,s1,0.00,0.00,0.00,0,0,0.00,0.00,0.00,0,0,0.00,0.00,0,0
1520564736,eth0,0.00,60.00,60.00,60,0,0.00,1.00,1.00,1,0,0.00,0.00,0,0
1520564736,eth1,0.00,0.00,0.00,0,0,0.00,0.00,0.00,0,0,0.00,0.00,0,0
1520564736,s2,0.00,0.00,0.00,0,0,0.00,0.00,0.00,0,0,0.00,0.00,0,0
1520564736,s1-eth2,0.00,0.00,0.00,0,0,0.00,0.00,0.00,0,0,0.00,0.00,0,0
1520564736,s1-eth1,0.00,0.00,0.00,0,0,0.00,0.00,0.00,0,0,0.00,0.00,0,0
1520564736,s2-eth2,0.00,0.00,0.00,0,0,0.00,0.00,0.00,0,0,0.00,0.00,0,0
1520564736,s2-eth1,0.00,0.00,0.00,0,0,0.00,0.00,0.00,0,0,0.00,0.00,0,0
1520564736,lo,0.00,0.00,0.00,0,0,0.00,0.00,0.00,0,0,0.00,0.00,0,0
1520564736,total,0.00,60.00,60.00,60,0,0.00,1.00,1.00,1,0,0.00,0.00,0,0
1520564737,s1,0.00,0.00,0.00,0,0,0.00,0.00,0.00,0,0,0.00,0.00,0,0
1520564737,eth0,0.00,60.00,60.00,60,0,0.00,1.00,1.00,1,0,0.00,0.00,0,0
1520564737,eth1,0.00,0.00,0.00,0,0,0.00,0.00,0.00,0,0,0.00,0.00,0,0
1520564737,s2,0.00,0.00,0.00,0,0,0.00,0.00,0.00,0,0,0.00,0.00,0,0
1520564737,s1-eth2,0.00,0.00,0.00,0,0,0.00,0.00,0.00,0,0,0.00,0.00,0,0
1520564737,s1-eth1,0.00,0.00,0.00,0,0,0.00,0.00,0.00,0,0,0.00,0.00,0,0
1520564737,s2-eth2,0.00,0.00,0.00,0,0,0.00,0.00,0.00,0,0,0.00,0.00,0,0
1520564737,s2-eth1,0.00,0.00,0.00,0,0,0.00,0.00,0.00,0,0,0.00,0.00,0,0
1520564737,lo,344.00,344.00,688.00,344,344,6.00,6.00,12.00,6,6,0.00,0.00,0,0
1520564737,total,344.00,404.00,748.00,404,344,6.00,7.00,13.00,7,6,0.00,0.00,0,0
1520564738,s1,0.00,0.00,0.00,0,0,0.00,0.00,0.00,0,0,0.00,0.00,0,0
1520564738,eth0,0.00,0.00,0.00,0,0,0.00,0.00,0.00,0,0,0.00,0.00,0,0
1520564738,eth1,0.00,0.00,0.00,0,0,0.00,0.00,0.00,0,0,0.00,0.00,0,0
1520564738,s2,0.00,0.00,0.00,0,0,0.00,0.00,0.00,0,0,0.00,0.00,0,0
1520564738,s1-eth2,0.00,0.00,0.00,0,0,0.00,0.00,0.00,0,0,0.00,0.00,0,0
1520564738,s1-eth1,0.00,0.00,0.00,0,0,0.00,0.00,0.00,0,0,0.00,0.00,0,0
1520564738,s2-eth2,0.00,0.00,0.00,0,0,0.00,0.00,0.00,0,0,0.00,0.00,0,0
1520564738,s2-eth1,0.00,0.00,0.00,0,0,0.00,0.00,0.00,0,0,0.00,0.00,0,0
1520564738,lo,0.00,0.00,0.00,0,0,0.00,0.00,0.00,0,0,0.00,0.00,0,0
1520564738,total,0.00,0.00,0.00,0,0,0.00,0.00,0.00,0,0,0.00,0.00,0,0
1520564739,s1,0.00,42.00,42.00,42,0,0.00,1.00,1.00,1,0,0.00,0.00,0,0
1520564739,eth0,0.00,60.00,60.00,60,0,0.00,1.00,1.00,1,0,0.00,0.00,0,0
1520564739,eth1,0.00,0.00,0.00,0,0,0.00,0.00,0.00,0,0,0.00,0.00,0,0
1520564739,s2,0.00,84.00,84.00,84,0,0.00,2.00,2.00,2,0,0.00,0.00,0,0
1520564739,s1-eth2,12356.00,256776.00,269132.00,256776,12356,156.00,180.00,336.00,180,156,0.00,0.00,0,0
1520564739,s1-eth1,234408.00,12356.00,246764.00,12356,234408,166.00,156.00,322.00,156,166,0.00,0.00,0,0
1520564739,s2-eth2,2426.00,106240.00,108666.00,106240,2426,33.00,74.00,107.00,74,33,0.00,0.00,0,0
1520564739,s2-eth1,66876.00,2426.00,69302.00,2426,66876,48.00,33.00,81.00,33,48,0.00,0.00,0,0
1520564739,lo,4684.00,4684.00,9368.00,4684,4684,41.00,41.00,82.00,41,41,0.00,0.00,0,0
1520564739,total,320750.00,382668.00,703418.00,382668,320750,444.00,488.00,932.00,488,444,0.00,0.00,0,0
1520564740,s1,0.00,42.00,42.00,42,0,0.00,1.00,1.00,1,0,0.00,0.00,0,0
1520564740,eth0,0.00,146.00,146.00,146,0,0.00,2.00,2.00,2,0,0.00,0.00,0,0
1520564740,eth1,0.00,86.00,86.00,86,0,0.00,1.00,1.00,1,0,0.00,0.00,0,0
1520564740,s2,0.00,42.00,42.00,42,0,0.00,1.00,1.00,1,0,0.00,0.00,0,0
1520564740,s1-eth2,12048.00,251366.00,263414.00,251366,12048,156.00,167.00,323.00,167,156,0.00,0.00,0,0
1520564740,s1-eth1,249852.00,12048.00,261900.00,12048,249852,166.00,156.00,322.00,156,166,0.00,0.00,0,0
1520564740,s2-eth2,14260.00,283160.00,297420.00,283160,14260,162.00,188.00,350.00,188,162,0.00,0.00,0,0
1520564740,s2-eth1,249852.00,14260.00,264112.00,14260,249852,166.00,162.00,328.00,162,166,0.00,0.00,0,0
1520564740,lo,480.00,480.00,960.00,480,480,6.00,6.00,12.00,6,6,0.00,0.00,0,0
1520564740,total,526492.00,561630.00,1088122.00,561630,526492,656.00,684.00,1340.00,684,656,0.00,0.00,0,0
1520564741,s1,0.00,42.00,42.00,42,0,0.00,1.00,1.00,1,0,0.00,0.00,0,0
1520564741,eth0,0.00,60.00,60.00,60,0,0.00,1.00,1.00,1,0,0.00,0.00,0,0
1520564741,eth1,0.00,0.00,0.00,0,0,0.00,0.00,0.00,0,0,0.00,0.00,0,0
1520564741,s2,0.00,42.00,42.00,42,0,0.00,1.00,1.00,1,0,0.00,0.00,0,0
1520564741,s1-eth2,11578.00,242282.00,253860.00,242282,11578,149.00,161.00,310.00,161,149,0.00,0.00,0,0
1520564741,s1-eth1,237740.00,11578.00,249318.00,11578,237740,158.00,149.00,307.00,149,158,0.00,0.00,0,0
1520564741,s2-eth2,13134.00,236226.00,249360.00,236226,13134,163.00,157.00,320.00,157,163,0.00,0.00,0,0
1520564741,s2-eth1,249852.00,13134.00,262986.00,13134,249852,166.00,163.00,329.00,163,166,0.00,0.00,0,0
1520564741,lo,480.00,480.00,960.00,480,480,6.00,6.00,12.00,6,6,0.00,0.00,0,0
1520564741,total,512784.00,503844.00,1016628.00,503844,512784,642.00,639.00,1281.00,639,642,0.00,0.00,0,0
1520564742,s1,0.00,42.00,42.00,42,0,0.00,1.00,1.00,1,0,0.00,0.00,0,0
1520564742,eth0,0.00,0.00,0.00,0,0,0.00,0.00,0.00,0,0,0.00,0.00,0,0
1520564742,eth1,0.00,0.00,0.00,0,0,0.00,0.00,0.00,0,0,0.00,0.00,0,0
1520564742,s2,0.00,42.00,42.00,42,0,0.00,1.00,1.00,1,0,0.00,0.00,0,0
1520564742,s1-eth2,11900.00,260450.00,272350.00,260450,11900,160.00,173.00,333.00,173,160,0.00,0.00,0,0
1520564742,s1-eth1,251366.00,11986.00,263352.00,11986,251366,167.00,161.00,328.00,161,167,0.00,0.00,0,0
1520564742,s2-eth2,13488.00,227142.00,240630.00,227142,13488,164.00,151.00,315.00,151,164,0.00,0.00,0,0
1520564742,s2-eth1,250194.00,13488.00,263682.00,13488,250194,167.00,164.00,331.00,164,167,0.00,0.00,0,0
1520564742,lo,480.00,480.00,960.00,480,480,6.00,6.00,12.00,6,6,0.00,0.00,0,0
1520564742,total,527428.00,513630.00,1041058.00,513630,527428,664.00,657.00,1321.00,657,664,0.00,0.00,0,0
1520564743,s1,0.00,42.00,42.00,42,0,0.00,1.00,1.00,1,0,0.00,0.00,0,0
1520564743,eth0,0.00,0.00,0.00,0,0,0.00,0.00,0.00,0,0,0.00,0.00,0,0
1520564743,eth1,0.00,0.00,0.00,0,0,0.00,0.00,0.00,0,0,0.00,0.00,0,0
1520564743,s2,0.00,42.00,42.00,42,0,0.00,1.00,1.00,1,0,0.00,0.00,0,0
1520564743,s1-eth2,12480.00,254394.00,266874.00,254394,12480,158.00,169.00,327.00,169,158,0.00,0.00,0,0
1520564743,s1-eth1,249852.00,12126.00,261978.00,12126,249852,166.00,157.00,323.00,157,166,0.00,0.00,0,0
1520564743,s2-eth2,9186.00,165068.00,174254.00,165068,9186,111.00,110.00,221.00,110,111,0.00,0.00,0,0
1520564743,s2-eth1,172596.00,9260.00,181856.00,9260,172596,114.00,112.00,226.00,112,114,0.00,0.00,0,0
1520564743,lo,480.00,480.00,960.00,480,480,6.00,6.00,12.00,6,6,0.00,0.00,0,0
1520564743,total,444594.00,441412.00,886006.00,441412,444594,555.00,556.00,1111.00,556,555,0.00,0.00,0,0
1520564744,s1,0.00,42.00,42.00,42,0,0.00,1.00,1.00,1,0,0.00,0.00,0,0
1520564744,eth0,0.00,60.00,60.00,60,0,0.00,1.00,1.00,1,0,0.00,0.00,0,0
1520564744,eth1,0.00,0.00,0.00,0,0,0.00,0.00,0.00,0,0,0.00,0.00,0,0
1520564744,s2,0.00,42.00,42.00,42,0,0.00,1.00,1.00,1,0,0.00,0.00,0,0
1520564744,s1-eth2,12248.00,248338.00,260586.00,248338,12248,158.00,165.00,323.00,165,158,0.00,0.00,0,0
1520564744,s1-eth1,243796.00,12174.00,255970.00,12174,243796,162.00,157.00,319.00,157,162,0.00,0.00,0,0
1520564744,s2-eth2,5046.00,121162.00,126208.00,121162,5046,63.00,81.00,144.00,81,63,0.00,0.00,0,0
1520564744,s2-eth1,115106.00,4972.00,120078.00,4972,115106,77.00,62.00,139.00,62,77,0.00,0.00,0,0
1520564744,lo,480.00,480.00,960.00,480,480,6.00,6.00,12.00,6,6,0.00,0.00,0,0
1520564744,total,376676.00,387270.00,763946.00,387270,376676,466.00,474.00,940.00,474,466,0.00,0.00,0,0
1520564745,s1,0.00,0.00,0.00,0,0,0.00,0.00,0.00,0,0,0.00,0.00,0,0
1520564745,eth0,0.00,60.00,60.00,60,0,0.00,1.00,1.00,1,0,0.00,0.00,0,0
1520564745,eth1,0.00,0.00,0.00,0,0,0.00,0.00,0.00,0,0,0.00,0.00,0,0
1520564745,s2,0.00,0.00,0.00,0,0,0.00,0.00,0.00,0,0,0.00,0.00,0,0
1520564745,s1-eth2,12006.00,261922.00,273928.00,261922,12006,159.00,173.00,332.00,173,159,0.00,0.00,0,0
1520564745,s1-eth1,249810.00,12006.00,261816.00,12006,249810,165.00,159.00,324.00,159,165,0.00,0.00,0,0
1520564745,s2-eth2,4176.00,102952.00,107128.00,102952,4176,54.00,68.00,122.00,68,54,0.00,0.00,0,0
1520564745,s2-eth1,96896.00,4176.00,101072.00,4176,96896,64.00,54.00,118.00,54,64,0.00,0.00,0,0
1520564745,lo,0.00,0.00,0.00,0,0,0.00,0.00,0.00,0,0,0.00,0.00,0,0
1520564745,total,362888.00,381116.00,744004.00,381116,362888,442.00,455.00,897.00,455,442,0.00,0.00,0,0
1520564746,s1,0.00,0.00,0.00,0,0,0.00,0.00,0.00,0,0,0.00,0.00,0,0
1520564746,eth0,0.00,60.00,60.00,60,0,0.00,1.00,1.00,1,0,0.00,0.00,0,0
1520564746,eth1,0.00,0.00,0.00,0,0,0.00,0.00,0.00,0,0,0.00,0.00,0,0
1520564746,s2,0.00,0.00,0.00,0,0,0.00,0.00,0.00,0,0,0.00,0.00,0,0
1520564746,s1-eth2,12408.00,255866.00,268274.00,255866,12408,162.00,169.00,331.00,169,162,0.00,0.00,0,0
1520564746,s1-eth1,249810.00,12408.00,262218.00,12408,249810,165.00,162.00,327.00,162,165,0.00,0.00,0,0
1520564746,s2-eth2,5098.00,112036.00,117134.00,112036,5098,63.00,74.00,137.00,74,63,0.00,0.00,0,0
1520564746,s2-eth1,113550.00,4756.00,118306.00,4756,113550,75.00,62.00,137.00,62,75,0.00,0.00,0,0
1520564746,lo,0.00,0.00,0.00,0,0,0.00,0.00,0.00,0,0,0.00,0.00,0,0
1520564746,total,380866.00,385126.00,765992.00,385126,380866,465.00,468.00,933.00,468,465,0.00,0.00,0,0
1520564747,s1,0.00,0.00,0.00,0,0,0.00,0.00,0.00,0,0,0.00,0.00,0,0
1520564747,eth0,0.00,60.00,60.00,60,0,0.00,1.00,1.00,1,0,0.00,0.00,0,0
1520564747,eth1,0.00,0.00,0.00,0,0,0.00,0.00,0.00,0,0,0.00,0.00,0,0
1520564747,s2,0.00,0.00,0.00,0,0,0.00,0.00,0.00,0,0,0.00,0.00,0,0
1520564747,s1-eth2,12538.00,261922.00,274460.00,261922,12538,161.00,173.00,334.00,173,161,0.00,0.00,0,0
1520564747,s1-eth1,249810.00,12538.00,262348.00,12538,249810,165.00,161.00,326.00,161,165,0.00,0.00,0,0
1520564747,s2-eth2,5160.00,104466.00,109626.00,104466,5160,66.00,69.00,135.00,69,66,0.00,0.00,0,0
1520564747,s2-eth1,102952.00,5160.00,108112.00,5160,102952,68.00,66.00,134.00,66,68,0.00,0.00,0,0
1520564747,lo,0.00,0.00,0.00,0,0,0.00,0.00,0.00,0,0,0.00,0.00,0,0
1520564747,total,370460.00,384146.00,754606.00,384146,370460,460.00,470.00,930.00,470,460,0.00,0.00,0,0
1520564748,s1,0.00,0.00,0.00,0,0,0.00,0.00,0.00,0,0,0.00,0.00,0,0
1520564748,eth0,0.00,60.00,60.00,60,0,0.00,1.00,1.00,1,0,0.00,0.00,0,0
1520564748,eth1,0.00,0.00,0.00,0,0,0.00,0.00,0.00,0,0,0.00,0.00,0,0
1520564748,s2,0.00,0.00,0.00,0,0,0.00,0.00,0.00,0,0,0.00,0.00,0,0
1520564748,s1-eth2,12298.00,254352.00,266650.00,254352,12298,161.00,168.00,329.00,168,161,0.00,0.00,0,0
1520564748,s1-eth1,249810.00,12384.00,262194.00,12384,249810,165.00,162.00,327.00,162,165,0.00,0.00,0,0
1520564748,s2-eth2,3400.00,74186.00,77586.00,74186,3400,44.00,49.00,93.00,49,44,0.00,0.00,0,0
1520564748,s2-eth1,78728.00,3400.00,82128.00,3400,78728,52.00,44.00,96.00,44,52,0.00,0.00,0,0
1520564748,lo,344.00,344.00,688.00,344,344,6.00,6.00,12.00,6,6,0.00,0.00,0,0
1520564748,total,344580.00,344726.00,689306.00,344726,344580,428.00,430.00,858.00,430,428,0.00,0.00,0,0
1520564749,s1,0.00,0.00,0.00,0,0,0.00,0.00,0.00,0,0,0.00,0.00,0,0
1520564749,eth0,0.00,60.00,60.00,60,0,0.00,1.00,1.00,1,0,0.00,0.00,0,0
1520564749,eth1,0.00,0.00,0.00,0,0,0.00,0.00,0.00,0,0,0.00,0.00,0,0
1520564749,s2,0.00,0.00,0.00,0,0,0.00,0.00,0.00,0,0,0.00,0.00,0,0
1520564749,s1-eth2,12434.00,257422.00,269856.00,257422,12434,161.00,171.00,332.00,171,161,0.00,0.00,0,0
1520564749,s1-eth1,251366.00,12348.00,263714.00,12348,251366,167.00,160.00,327.00,160,167,0.00,0.00,0,0
1520564749,s2-eth2,3036.00,81798.00,84834.00,81798,3036,40.00,55.00,95.00,55,40,0.00,0.00,0,0
1520564749,s2-eth1,72714.00,3036.00,75750.00,3036,72714,49.00,40.00,89.00,40,49,0.00,0.00,0,0
1520564749,lo,888.00,888.00,1776.00,888,888,9.00,9.00,18.00,9,9,0.00,0.00,0,0
1520564749,total,340438.00,355552.00,695990.00,355552,340438,426.00,436.00,862.00,436,426,0.00,0.00,0,0
1520564750,s1,0.00,0.00,0.00,0,0,0.00,0.00,0.00,0,0,0.00,0.00,0,0
1520564750,eth0,0.00,0.00,0.00,0,0,0.00,0.00,0.00,0,0,0.00,0.00,0,0
1520564750,eth1,0.00,0.00,0.00,0,0,0.00,0.00,0.00,0,0,0.00,0.00,0,0
1520564750,s2,0.00,0.00,0.00,0,0,0.00,0.00,0.00,0,0,0.00,0.00,0,0
1520564750,s1-eth2,12446.00,258894.00,271340.00,258894,12446,163.00,171.00,334.00,171,163,0.00,0.00,0,0
1520564750,s1-eth1,249560.45,12433.57,261994.02,12446,249810,164.84,162.84,327.67,163,165,0.00,0.00,0,0
1520564750,s2-eth2,3552.00,83270.00,86822.00,83270,3552,48.00,55.00,103.00,55,48,0.00,0.00,0,0
1520564750,s2-eth1,87812.00,3552.00,91364.00,3552,87812,58.00,48.00,106.00,48,58,0.00,0.00,0,0
1520564750,lo,0.00,0.00,0.00,0,0,0.00,0.00,0.00,0,0,0.00,0.00,0,0
1520564750,total,353620.00,358162.00,711782.00,358162,353620,434.00,437.00,871.00,437,434,0.00,0.00,0,0
1520564751,s1,0.00,0.00,0.00,0,0,0.00,0.00,0.00,0,0,0.00,0.00,0,0
1520564751,eth0,0.00,59.94,59.94,60,0,0.00,1.00,1.00,1,0,0.00,0.00,0,0
1520564751,eth1,0.00,0.00,0.00,0,0,0.00,0.00,0.00,0,0,0.00,0.00,0,0
1520564751,s2,0.00,0.00,0.00,0,0,0.00,0.00,0.00,0,0,0.00,0.00,0,0
1520564751,s1-eth2,12251.75,260147.86,272399.59,260408,12264,159.84,171.83,331.67,172,160,0.00,0.00,0,0
1520564751,s1-eth1,249560.45,12251.75,261812.19,12264,249810,164.84,159.84,324.68,160,165,0.00,0.00,0,0
1520564751,s2-eth2,4361.64,113436.57,117798.20,113550,4366,58.94,74.93,133.87,75,59,0.00,0.00,0,0
1520564751,s2-eth1,105874.12,4361.64,110235.77,4366,105980,69.93,58.94,128.87,59,70,0.00,0.00,0,0
1520564751,lo,0.00,0.00,0.00,0,0,0.00,0.00,0.00,0,0,0.00,0.00,0,0
1520564751,total,372047.97,390257.75,762305.69,390648,372420,453.55,466.53,920.08,467,454,0.00,0.00,0,0
1520564752,s1,0.00,0.00,0.00,0,0,0.00,0.00,0.00,0,0,0.00,0.00,0,0
1520564752,eth0,0.00,60.00,60.00,60,0,0.00,1.00,1.00,1,0,0.00,0.00,0,0
1520564752,eth1,0.00,0.00,0.00,0,0,0.00,0.00,0.00,0,0,0.00,0.00,0,0
1520564752,s2,0.00,0.00,0.00,0,0,0.00,0.00,0.00,0,0,0.00,0.00,0,0
1520564752,s1-eth2,12116.00,258894.00,271010.00,258894,12116,160.00,171.00,331.00,171,160,0.00,0.00,0,0
1520564752,s1-eth1,250152.00,12116.00,262268.00,12116,250152,166.00,160.00,326.00,160,166,0.00,0.00,0,0
1520564752,s2-eth2,4652.00,89326.00,93978.00,89326,4652,58.00,59.00,117.00,59,58,0.00,0.00,0,0
1520564752,s2-eth1,93868.00,4652.00,98520.00,4652,93868,62.00,58.00,120.00,58,62,0.00,0.00,0,0
1520564752,lo,0.00,0.00,0.00,0,0,0.00,0.00,0.00,0,0,0.00,0.00,0,0
1520564752,total,360788.00,365048.00,725836.00,365048,360788,446.00,449.00,895.00,449,446,0.00,0.00,0,0
1520564753,s1,0.00,0.00,0.00,0,0,0.00,0.00,0.00,0,0,0.00,0.00,0,0
1520564753,eth0,0.00,60.00,60.00,60,0,0.00,1.00,1.00,1,0,0.00,0.00,0,0
1520564753,eth1,0.00,0.00,0.00,0,0,0.00,0.00,0.00,0,0,0.00,0.00,0,0
1520564753,s2,0.00,0.00,0.00,0,0,0.00,0.00,0.00,0,0,0.00,0.00,0,0
1520564753,s1-eth2,12150.00,249810.00,261960.00,249810,12150,159.00,165.00,324.00,165,159,0.00,0.00,0,0
1520564753,s1-eth1,249810.00,12150.00,261960.00,12150,249810,165.00,159.00,324.00,159,165,0.00,0.00,0,0
1520564753,s2-eth2,2614.00,59046.00,61660.00,59046,2614,35.00,39.00,74.00,39,35,0.00,0.00,0,0
1520564753,s2-eth1,52990.00,2614.00,55604.00,2614,52990,35.00,35.00,70.00,35,35,0.00,0.00,0,0
1520564753,lo,344.00,344.00,688.00,344,344,6.00,6.00,12.00,6,6,0.00,0.00,0,0
1520564753,total,317908.00,324024.00,641932.00,324024,317908,400.00,405.00,805.00,405,400,0.00,0.00,0,0
1520564754,s1,0.00,0.00,0.00,0,0,0.00,0.00,0.00,0,0,0.00,0.00,0,0
1520564754,eth0,0.00,0.00,0.00,0,0,0.00,0.00,0.00,0,0,0.00,0.00,0,0
1520564754,eth1,0.00,0.00,0.00,0,0,0.00,0.00,0.00,0,0,0.00,0.00,0,0
1520564754,s2,0.00,0.00,0.00,0,0,0.00,0.00,0.00,0,0,0.00,0.00,0,0
1520564754,s1-eth2,11980.02,254097.91,266077.94,254352,11992,157.84,167.83,325.67,168,158,0.00,0.00,0,0
1520564754,s1-eth1,251072.94,12053.95,263126.88,12066,251324,165.83,158.84,324.68,159,166,0.00,0.00,0,0
1520564754,s2-eth2,2957.04,83186.81,86143.86,83270,2960,39.96,54.95,94.91,55,40,0.00,0.00,0,0
1520564754,s2-eth1,86211.79,3104.90,89316.69,3108,86298,56.94,41.96,98.90,42,57,0.00,0.00,0,0
1520564754,lo,0.00,0.00,0.00,0,0,0.00,0.00,0.00,0,0,0.00,0.00,0,0
1520564754,total,352221.78,352443.56,704665.38,352796,352574,420.58,423.58,844.16,424,421,0.00,0.00,0,0
1520564755,s1,0.00,0.00,0.00,0,0,0.00,0.00,0.00,0,0,0.00,0.00,0,0
1520564755,eth0,0.00,0.00,0.00,0,0,0.00,0.00,0.00,0,0,0.00,0.00,0,0
1520564755,eth1,0.00,0.00,0.00,0,0,0.00,0.00,0.00,0,0,0.00,0.00,0,0
1520564755,s2,0.00,0.00,0.00,0,0,0.00,0.00,0.00,0,0,0.00,0.00,0,0
1520564755,s1-eth2,12338.00,257380.00,269718.00,257380,12338,159.00,170.00,329.00,170,159,0.00,0.00,0,0
1520564755,s1-eth1,248296.00,12264.00,260560.00,12264,248296,164.00,158.00,322.00,158,164,0.00,0.00,0,0
1520564755,s2-eth2,3490.00,116578.00,120068.00,116578,3490,47.00,77.00,124.00,77,47,0.00,0.00,0,0
1520564755,s2-eth1,105980.00,3342.00,109322.00,3342,105980,70.00,45.00,115.00,45,70,0.00,0.00,0,0
1520564755,lo,0.00,0.00,0.00,0,0,0.00,0.00,0.00,0,0,0.00,0.00,0,0
1520564755,total,370104.00,389564.00,759668.00,389564,370104,440.00,450.00,890.00,450,440,0.00,0.00,0,0
1520564756,s1,0.00,0.00,0.00,0,0,0.00,0.00,0.00,0,0,0.00,0.00,0,0
1520564756,eth0,460.00,798.00,1258.00,798,460,5.00,7.00,12.00,7,5,0.00,0.00,0,0
1520564756,eth1,0.00,0.00,0.00,0,0,0.00,0.00,0.00,0,0,0.00,0.00,0,0
1520564756,s2,0.00,0.00,0.00,0,0,0.00,0.00,0.00,0,0,0.00,0.00,0,0
1520564756,s1-eth2,12680.00,261922.00,274602.00,261922,12680,162.00,173.00,335.00,173,162,0.00,0.00,0,0
1520564756,s1-eth1,250410.00,12158.00,262568.00,12158,250410,169.00,159.00,328.00,159,169,0.00,0.00,0,0
1520564756,s2-eth2,4670.00,81756.00,86426.00,81756,4670,55.00,54.00,109.00,54,55,0.00,0.00,0,0
1520564756,s2-eth1,94468.00,4160.00,98628.00,4160,94468,66.00,52.00,118.00,52,66,0.00,0.00,0,0
1520564756,lo,682.00,682.00,1364.00,682,682,8.00,8.00,16.00,8,8,0.00,0.00,0,0
1520564756,total,363370.00,361476.00,724846.00,361476,363370,465.00,453.00,918.00,453,465,0.00,0.00,0,0
1520564757,s1,0.00,0.00,0.00,0,0,0.00,0.00,0.00,0,0,0.00,0.00,0,0
1520564757,eth0,768.00,1200.00,1968.00,1200,768,8.00,9.00,17.00,9,8,0.00,0.00,0,0
1520564757,eth1,0.00,0.00,0.00,0,0,0.00,0.00,0.00,0,0,0.00,0.00,0,0
1520564757,s2,0.00,0.00,0.00,0,0,0.00,0.00,0.00,0,0,0.00,0.00,0,0
1520564757,s1-eth2,12108.00,255866.00,267974.00,255866,12108,160.00,169.00,329.00,169,160,0.00,0.00,0,0
1520564757,s1-eth1,249970.00,12030.00,262000.00,12030,249970,167.00,159.00,326.00,159,167,0.00,0.00,0,0
1520564757,s2-eth2,3950.00,102952.00,106902.00,102952,3950,53.00,68.00,121.00,68,53,0.00,0.00,0,0
1520564757,s2-eth1,92514.00,3700.00,96214.00,3700,92514,63.00,50.00,113.00,50,63,0.00,0.00,0,0
1520564757,lo,1364.00,1364.00,2728.00,1364,1364,16.00,16.00,32.00,16,16,0.00,0.00,0,0
1520564757,total,360674.00,377112.00,737786.00,377112,360674,467.00,471.00,938.00,471,467,0.00,0.00,0,0
1520564758,s1,0.00,0.00,0.00,0,0,0.00,0.00,0.00,0,0,0.00,0.00,0,0
1520564758,eth0,192.00,345.00,537.00,345,192,2.00,3.00,5.00,3,2,0.00,0.00,0,0
1520564758,eth1,0.00,0.00,0.00,0,0,0.00,0.00,0.00,0,0,0.00,0.00,0,0
1520564758,s2,0.00,0.00,0.00,0,0,0.00,0.00,0.00,0,0,0.00,0.00,0,0
1520564758,s1-eth2,12592.00,254352.00,266944.00,254352,12592,164.00,168.00,332.00,168,164,0.00,0.00,0,0
1520564758,s1-eth1,250242.00,12432.00,262674.00,12432,250242,167.00,162.00,329.00,162,167,0.00,0.00,0,0
1520564758,s2-eth2,3798.00,99924.00,103722.00,99924,3798,49.00,66.00,115.00,66,49,0.00,0.00,0,0
1520564758,s2-eth1,102952.00,3708.00,106660.00,3708,102952,68.00,48.00,116.00,48,68,0.00,0.00,0,0
1520564758,lo,685.00,685.00,1370.00,685,685,10.00,10.00,20.00,10,10,0.00,0.00,0,0
1520564758,total,370461.00,371446.00,741907.00,371446,370461,460.00,457.00,917.00,457,460,0.00,0.00,0,0
1520564759,s1,0.00,0.00,0.00,0,0,0.00,0.00,0.00,0,0,0.00,0.00,0,0
1520564759,eth0,192.00,345.00,537.00,345,192,2.00,3.00,5.00,3,2,0.00,0.00,0,0
1520564759,eth1,0.00,0.00,0.00,0,0,0.00,0.00,0.00,0,0,0.00,0.00,0,0
1520564759,s2,0.00,0.00,0.00,0,0,0.00,0.00,0.00,0,0,0.00,0.00,0,0
1520564759,s1-eth2,12778.00,252838.00,265616.00,252838,12778,163.00,167.00,330.00,167,163,0.00,0.00,0,0
1520564759,s1-eth1,249810.00,12346.00,262156.00,12346,249810,165.00,161.00,326.00,161,165,0.00,0.00,0,0
1520564759,s2-eth2,4338.00,115064.00,119402.00,115064,4338,55.00,76.00,131.00,76,55,0.00,0.00,0,0
1520564759,s2-eth1,113892.00,3996.00,117888.00,3996,113892,76.00,54.00,130.00,54,76,0.00,0.00,0,0
1520564759,lo,341.00,341.00,682.00,341,341,4.00,4.00,8.00,4,4,0.00,0.00,0,0
1520564759,total,381351.00,384930.00,766281.00,384930,381351,465.00,465.00,930.00,465,465,0.00,0.00,0,0
1520564760,s1,0.00,0.00,0.00,0,0,0.00,0.00,0.00,0,0,0.00,0.00,0,0
1520564760,eth0,0.00,59.94,59.94,60,0,0.00,1.00,1.00,1,0,0.00,0.00,0,0
1520564760,eth1,0.00,0.00,0.00,0,0,0.00,0.00,0.00,0,0,0.00,0.00,0,0
1520564760,s2,0.00,0.00,0.00,0,0,0.00,0.00,0.00,0,0,0.00,0.00,0,0
1520564760,s1-eth2,12265.73,251072.94,263338.66,251324,12278,158.84,165.83,324.68,166,159,0.00,0.00,0,0
1520564760,s1-eth1,251072.94,12339.66,263412.59,12352,251324,165.83,159.84,325.67,160,166,0.00,0.00,0,0
1520564760,s2-eth2,5050.95,128561.45,133612.39,128690,5056,67.93,84.92,152.85,85,68,0.00,0.00,0,0
1520564760,s2-eth1,124023.98,5050.95,129074.93,5056,124148,81.92,67.93,149.85,68,82,0.00,0.00,0,0
1520564760,lo,0.00,0.00,0.00,0,0,0.00,0.00,0.00,0,0,0.00,0.00,0,0
1520564760,total,392413.59,397084.94,789498.50,397482,392806,474.53,479.52,954.05,480,475,0.00,0.00,0,0
1520564761,s1,0.00,0.00,0.00,0,0,0.00,0.00,0.00,0,0,0.00,0.00,0,0
1520564761,eth0,146.00,138.00,284.00,138,146,2.00,2.00,4.00,2,2,0.00,0.00,0,0
1520564761,eth1,0.00,0.00,0.00,0,0,0.00,0.00,0.00,0,0,0.00,0.00,0,0
1520564761,s2,0.00,0.00,0.00,0,0,0.00,0.00,0.00,0,0,0.00,0.00,0,0
1520564761,s1-eth2,12066.00,260408.00,272474.00,260408,12066,159.00,172.00,331.00,172,159,0.00,0.00,0,0
1520564761,s1-eth1,249880.00,12066.00,261946.00,12066,249880,166.00,159.00,325.00,159,166,0.00,0.00,0,0
1520564761,s2-eth2,5070.00,115064.00,120134.00,115064,5070,65.00,76.00,141.00,76,65,0.00,0.00,0,0
1520564761,s2-eth1,115134.00,5000.00,120134.00,5000,115134,77.00,64.00,141.00,64,77,0.00,0.00,0,0
1520564761,lo,0.00,0.00,0.00,0,0,0.00,0.00,0.00,0,0,0.00,0.00,0,0
1520564761,total,382296.00,392676.00,774972.00,392676,382296,469.00,473.00,942.00,473,469,0.00,0.00,0,0
1520564762,s1,0.00,0.00,0.00,0,0,0.00,0.00,0.00,0,0,0.00,0.00,0,0
1520564762,eth0,0.00,60.00,60.00,60,0,0.00,1.00,1.00,1,0,0.00,0.00,0,0
1520564762,eth1,0.00,0.00,0.00,0,0,0.00,0.00,0.00,0,0,0.00,0.00,0,0
1520564762,s2,0.00,0.00,0.00,0,0,0.00,0.00,0.00,0,0,0.00,0.00,0,0
1520564762,s1-eth2,12936.00,260408.00,273344.00,260408,12936,162.00,172.00,334.00,172,162,0.00,0.00,0,0
1520564762,s1-eth1,248638.00,12450.00,261088.00,12450,248638,165.00,159.00,324.00,159,165,0.00,0.00,0,0
1520564762,s2-eth2,5124.00,113550.00,118674.00,113550,5124,66.00,75.00,141.00,75,66,0.00,0.00,0,0
1520564762,s2-eth1,116578.00,5124.00,121702.00,5124,116578,77.00,66.00,143.00,66,77,0.00,0.00,0,0
1520564762,lo,0.00,0.00,0.00,0,0,0.00,0.00,0.00,0,0,0.00,0.00,0,0
1520564762,total,383276.00,391592.00,774868.00,391592,383276,470.00,473.00,943.00,473,470,0.00,0.00,0,0
1520564763,s1,0.00,0.00,0.00,0,0,0.00,0.00,0.00,0,0,0.00,0.00,0,0
1520564763,eth0,0.00,60.00,60.00,60,0,0.00,1.00,1.00,1,0,0.00,0.00,0,0
1520564763,eth1,0.00,0.00,0.00,0,0,0.00,0.00,0.00,0,0,0.00,0.00,0,0
1520564763,s2,0.00,0.00,0.00,0,0,0.00,0.00,0.00,0,0,0.00,0.00,0,0
1520564763,s1-eth2,12384.00,254352.00,266736.00,254352,12384,162.00,168.00,330.00,168,162,0.00,0.00,0,0
1520564763,s1-eth1,249810.00,12384.00,262194.00,12384,249810,165.00,162.00,327.00,162,165,0.00,0.00,0,0
1520564763,s2-eth2,4156.00,128690.00,132846.00,128690,4156,56.00,85.00,141.00,85,56,0.00,0.00,0,0
1520564763,s2-eth1,124148.00,4156.00,128304.00,4156,124148,82.00,56.00,138.00,56,82,0.00,0.00,0,0
1520564763,lo,344.00,344.00,688.00,344,344,6.00,6.00,12.00,6,6,0.00,0.00,0,0
1520564763,total,390842.00,399986.00,790828.00,399986,390842,471.00,478.00,949.00,478,471,0.00,0.00,0,0
1520564764,s1,0.00,0.00,0.00,0,0,0.00,0.00,0.00,0,0,0.00,0.00,0,0
1520564764,eth0,0.00,60.00,60.00,60,0,0.00,1.00,1.00,1,0,0.00,0.00,0,0
1520564764,eth1,0.00,0.00,0.00,0,0,0.00,0.00,0.00,0,0,0.00,0.00,0,0
1520564764,s2,0.00,0.00,0.00,0,0,0.00,0.00,0.00,0,0,0.00,0.00,0,0
1520564764,s1-eth2,12274.00,260408.00,272682.00,260408,12274,161.00,172.00,333.00,172,161,0.00,0.00,0,0
1520564764,s1-eth1,249810.00,12360.00,262170.00,12360,249810,165.00,162.00,327.00,162,165,0.00,0.00,0,0
1520564764,s2-eth2,4440.00,136260.00,140700.00,136260,4440,60.00,90.00,150.00,90,60,0.00,0.00,0,0
1520564764,s2-eth1,134746.00,4440.00,139186.00,4440,134746,89.00,60.00,149.00,60,89,0.00,0.00,0,0
1520564764,lo,0.00,0.00,0.00,0,0,0.00,0.00,0.00,0,0,0.00,0.00,0,0
1520564764,total,401270.00,413528.00,814798.00,413528,401270,475.00,485.00,960.00,485,475,0.00,0.00,0,0
1520564765,s1,0.00,0.00,0.00,0,0,0.00,0.00,0.00,0,0,0.00,0.00,0,0
1520564765,eth0,0.00,215.00,215.00,215,0,0.00,1.00,1.00,1,0,0.00,0.00,0,0
1520564765,eth1,0.00,0.00,0.00,0,0,0.00,0.00,0.00,0,0,0.00,0.00,0,0
1520564765,s2,0.00,0.00,0.00,0,0,0.00,0.00,0.00,0,0,0.00,0.00,0,0
1520564765,s1-eth2,11952.00,249810.00,261762.00,249810,11952,156.00,165.00,321.00,165,156,0.00,0.00,0,0
1520564765,s1-eth1,245338.00,11866.00,257204.00,11866,245338,163.00,155.00,318.00,155,163,0.00,0.00,0,0
1520564765,s2-eth2,4658.00,145344.00,150002.00,145344,4658,63.00,96.00,159.00,96,63,0.00,0.00,0,0
1520564765,s2-eth1,143900.00,4588.00,148488.00,4588,143900,96.00,62.00,158.00,62,96,0.00,0.00,0,0
1520564765,lo,0.00,0.00,0.00,0,0,0.00,0.00,0.00,0,0,0.00,0.00,0,0
1520564765,total,405848.00,411823.00,817671.00,411823,405848,478.00,479.00,957.00,479,478,0.00,0.00,0,0
1520564766,s1,0.00,0.00,0.00,0,0,0.00,0.00,0.00,0,0,0.00,0.00,0,0
1520564766,eth0,0.00,0.00,0.00,0,0,0.00,0.00,0.00,0,0,0.00,0.00,0,0
1520564766,eth1,0.00,0.00,0.00,0,0,0.00,0.00,0.00,0,0,0.00,0.00,0,0
1520564766,s2,0.00,0.00,0.00,0,0,0.00,0.00,0.00,0,0,0.00,0.00,0,0
1520564766,s1-eth2,12724.00,261922.00,274646.00,261922,12724,164.00,173.00,337.00,173,164,0.00,0.00,0,0
1520564766,s1-eth1,249810.00,12654.00,262464.00,12654,249810,165.00,163.00,328.00,163,165,0.00,0.00,0,0
1520564766,s2-eth2,6762.00,152914.00,159676.00,152914,6762,85.00,101.00,186.00,101,85,0.00,0.00,0,0
1520564766,s2-eth1,149886.00,6420.00,156306.00,6420,149886,99.00,84.00,183.00,84,99,0.00,0.00,0,0
1520564766,lo,0.00,0.00,0.00,0,0,0.00,0.00,0.00,0,0,0.00,0.00,0,0
1520564766,total,419182.00,433910.00,853092.00,433910,419182,513.00,521.00,1034.00,521,513,0.00,0.00,0,0
1520564767,s1,0.00,0.00,0.00,0,0,0.00,0.00,0.00,0,0,0.00,0.00,0,0
1520564767,eth0,0.00,60.00,60.00,60,0,0.00,1.00,1.00,1,0,0.00,0.00,0,0
1520564767,eth1,0.00,0.00,0.00,0,0,0.00,0.00,0.00,0,0,0.00,0.00,0,0
1520564767,s2,0.00,0.00,0.00,0,0,0.00,0.00,0.00,0,0,0.00,0.00,0,0
1520564767,s1-eth2,12348.00,258894.00,271242.00,258894,12348,160.00,171.00,331.00,171,160,0.00,0.00,0,0
1520564767,s1-eth1,249810.00,12348.00,262158.00,12348,249810,165.00,160.00,325.00,160,165,0.00,0.00,0,0
1520564767,s2-eth2,5556.00,154428.00,159984.00,154428,5556,72.00,102.00,174.00,102,72,0.00,0.00,0,0
1520564767,s2-eth1,151400.00,5556.00,156956.00,5556,151400,100.00,72.00,172.00,72,100,0.00,0.00,0,0
1520564767,lo,0.00,0.00,0.00,0,0,0.00,0.00,0.00,0,0,0.00,0.00,0,0
1520564767,total,419114.00,431286.00,850400.00,431286,419114,497.00,506.00,1003.00,506,497,0.00,0.00,0,0
1520564768,s1,0.00,0.00,0.00,0,0,0.00,0.00,0.00,0,0,0.00,0.00,0,0
1520564768,eth0,0.00,59.94,59.94,60,0,0.00,1.00,1.00,1,0,0.00,0.00,0,0
1520564768,eth1,0.00,0.00,0.00,0,0,0.00,0.00,0.00,0,0,0.00,0.00,0,0
1520564768,s2,0.00,0.00,0.00,0,0,0.00,0.00,0.00,0,0,0.00,0.00,0,0
1520564768,s1-eth2,11606.39,261660.34,273266.75,261922,11618,156.84,172.83,329.67,173,157,0.00,0.00,0,0
1520564768,s1-eth1,249902.11,11606.39,261508.50,11618,250152,165.83,156.84,322.68,157,166,0.00,0.00,0,0
1520564768,s2-eth2,4121.88,110411.59,114533.47,110522,4126,52.95,72.93,125.87,73,53,0.00,0.00,0,0
1520564768,s2-eth1,116803.20,4121.88,120925.08,4126,116920,77.92,52.95,130.87,53,78,0.00,0.00,0,0
1520564768,lo,343.66,343.66,687.31,344,344,5.99,5.99,11.99,6,6,0.00,0.00,0,0
1520564768,total,382777.22,388203.81,770981.06,388592,383160,459.54,462.54,922.08,463,460,0.00,0.00,0,0
1520564769,s1,0.00,0.00,0.00,0,0,0.00,0.00,0.00,0,0,0.00,0.00,0,0
1520564769,eth0,0.00,60.00,60.00,60,0,0.00,1.00,1.00,1,0,0.00,0.00,0,0
1520564769,eth1,0.00,0.00,0.00,0,0,0.00,0.00,0.00,0,0,0.00,0.00,0,0
1520564769,s2,0.00,0.00,0.00,0,0,0.00,0.00,0.00,0,0,0.00,0.00,0,0
1520564769,s1-eth2,12754.00,246782.00,259536.00,246782,12754,163.00,163.00,326.00,163,163,0.00,0.00,0,0
1520564769,s1-eth1,249810.00,12840.00,262650.00,12840,249810,165.00,164.00,329.00,164,165,0.00,0.00,0,0
1520564769,s2-eth2,4324.00,105980.00,110304.00,105980,4324,56.00,70.00,126.00,70,56,0.00,0.00,0,0
1520564769,s2-eth1,102952.00,4324.00,107276.00,4324,102952,68.00,56.00,124.00,56,68,0.00,0.00,0,0
1520564769,lo,0.00,0.00,0.00,0,0,0.00,0.00,0.00,0,0,0.00,0.00,0,0
1520564769,total,369840.00,369986.00,739826.00,369986,369840,452.00,454.00,906.00,454,452,0.00,0.00,0,0
1520564770,s1,0.00,0.00,0.00,0,0,0.00,0.00,0.00,0,0,0.00,0.00,0,0
1520564770,eth0,0.00,145.85,145.85,146,0,0.00,2.00,2.00,2,0,0.00,0.00,0,0
1520564770,eth1,0.00,85.91,85.91,86,0,0.00,1.00,1.00,1,0,0.00,0.00,0,0
1520564770,s2,0.00,0.00,0.00,0,0,0.00,0.00,0.00,0,0,0.00,0.00,0,0
1520564770,s1-eth2,12823.18,258635.38,271458.56,258894,12836,163.84,170.83,334.67,171,164,0.00,0.00,0,0
1520564770,s1-eth1,251072.94,12395.60,263468.53,12408,251324,165.83,161.84,327.67,162,166,0.00,0.00,0,0
1520564770,s2-eth2,4687.31,90749.25,95436.56,90840,4692,59.94,59.94,119.88,60,60,0.00,0.00,0,0
1520564770,s2-eth1,90749.25,4761.24,95510.49,4766,90840,59.94,60.94,120.88,61,60,0.00,0.00,0,0
1520564770,lo,0.00,0.00,0.00,0,0,0.00,0.00,0.00,0,0,0.00,0.00,0,0
1520564770,total,359332.69,366773.25,726105.94,367140,359692,449.55,456.54,906.09,457,450,0.00,0.00,0,0
1520564771,s1,0.00,0.00,0.00,0,0,0.00,0.00,0.00,0,0,0.00,0.00,0,0
1520564771,eth0,0.00,60.00,60.00,60,0,0.00,1.00,1.00,1,0,0.00,0.00,0,0
1520564771,eth1,0.00,0.00,0.00,0,0,0.00,0.00,0.00,0,0,0.00,0.00,0,0
1520564771,s2,0.00,0.00,0.00,0,0,0.00,0.00,0.00,0,0,0.00,0.00,0,0
1520564771,s1-eth2,12394.00,252838.00,265232.00,252838,12394,161.00,167.00,328.00,167,161,0.00,0.00,0,0
1520564771,s1-eth1,249810.00,12394.00,262204.00,12394,249810,165.00,161.00,326.00,161,165,0.00,0.00,0,0
1520564771,s2-eth2,3918.00,84784.00,88702.00,84784,3918,51.00,56.00,107.00,56,51,0.00,0.00,0,0
1520564771,s2-eth1,81756.00,3844.00,85600.00,3844,81756,54.00,50.00,104.00,50,54,0.00,0.00,0,0
1520564771,lo,0.00,0.00,0.00,0,0,0.00,0.00,0.00,0,0,0.00,0.00,0,0
1520564771,total,347878.00,353920.00,701798.00,353920,347878,431.00,435.00,866.00,435,431,0.00,0.00,0,0
1520564772,s1,0.00,0.00,0.00,0,0,0.00,0.00,0.00,0,0,0.00,0.00,0,0
1520564772,eth0,0.00,60.00,60.00,60,0,0.00,1.00,1.00,1,0,0.00,0.00,0,0
1520564772,eth1,0.00,0.00,0.00,0,0,0.00,0.00,0.00,0,0,0.00,0.00,0,0
1520564772,s2,0.00,0.00,0.00,0,0,0.00,0.00,0.00,0,0,0.00,0.00,0,0
1520564772,s1-eth2,12264.00,258894.00,271158.00,258894,12264,162.00,171.00,333.00,171,162,0.00,0.00,0,0
1520564772,s1-eth1,249810.00,12264.00,262074.00,12264,249810,165.00,162.00,327.00,162,165,0.00,0.00,0,0
1520564772,s2-eth2,2154.00,40878.00,43032.00,40878,2154,27.00,27.00,54.00,27,27,0.00,0.00,0,0
1520564772,s2-eth1,42392.00,2154.00,44546.00,2154,42392,28.00,27.00,55.00,27,28,0.00,0.00,0,0
1520564772,lo,0.00,0.00,0.00,0,0,0.00,0.00,0.00,0,0,0.00,0.00,0,0
1520564772,total,306620.00,314250.00,620870.00,314250,306620,382.00,388.00,770.00,388,382,0.00,0.00,0,0
1520564773,s1,0.00,0.00,0.00,0,0,0.00,0.00,0.00,0,0,0.00,0.00,0,0
1520564773,eth0,0.00,0.00,0.00,0,0,0.00,0.00,0.00,0,0,0.00,0.00,0,0
1520564773,eth1,0.00,0.00,0.00,0,0,0.00,0.00,0.00,0,0,0.00,0.00,0,0
1520564773,s2,0.00,0.00,0.00,0,0,0.00,0.00,0.00,0,0,0.00,0.00,0,0
1520564773,s1-eth2,12370.00,254352.00,266722.00,254352,12370,161.00,168.00,329.00,168,161,0.00,0.00,0,0
1520564773,s1-eth1,249810.00,12456.00,262266.00,12456,249810,165.00,162.00,327.00,162,165,0.00,0.00,0,0
1520564773,s2-eth2,1850.00,52990.00,54840.00,52990,1850,25.00,35.00,60.00,35,25,0.00,0.00,0,0
1520564773,s2-eth1,52990.00,1850.00,54840.00,1850,52990,35.00,25.00,60.00,25,35,0.00,0.00,0,0
1520564773,lo,344.00,344.00,688.00,344,344,6.00,6.00,12.00,6,6,0.00,0.00,0,0
1520564773,total,317364.00,321992.00,639356.00,321992,317364,392.00,396.00,788.00,396,392,0.00,0.00,0,0
1520564774,s1,0.00,0.00,0.00,0,0,0.00,0.00,0.00,0,0,0.00,0.00,0,0
1520564774,eth0,0.00,60.00,60.00,60,0,0.00,1.00,1.00,1,0,0.00,0.00,0,0
1520564774,eth1,0.00,0.00,0.00,0,0,0.00,0.00,0.00,0,0,0.00,0.00,0,0
1520564774,s2,0.00,0.00,0.00,0,0,0.00,0.00,0.00,0,0,0.00,0.00,0,0
1520564774,s1-eth2,12430.00,257380.00,269810.00,257380,12430,161.00,170.00,331.00,170,161,0.00,0.00,0,0
1520564774,s1-eth1,251324.00,12344.00,263668.00,12344,251324,166.00,160.00,326.00,160,166,0.00,0.00,0,0
1520564774,s2-eth2,2442.00,74186.00,76628.00,74186,2442,33.00,49.00,82.00,49,33,0.00,0.00,0,0
1520564774,s2-eth1,73014.00,2516.00,75530.00,2516,73014,49.00,34.00,83.00,34,49,0.00,0.00,0,0
1520564774,lo,0.00,0.00,0.00,0,0,0.00,0.00,0.00,0,0,0.00,0.00,0,0
1520564774,total,339210.00,346486.00,685696.00,346486,339210,409.00,414.00,823.00,414,409,0.00,0.00,0,0
1520564775,s1,0.00,0.00,0.00,0,0,0.00,0.00,0.00,0,0,0.00,0.00,0,0
1520564775,eth0,0.00,60.00,60.00,60,0,0.00,1.00,1.00,1,0,0.00,0.00,0,0
1520564775,eth1,0.00,0.00,0.00,0,0,0.00,0.00,0.00,0,0,0.00,0.00,0,0
1520564775,s2,0.00,0.00,0.00,0,0,0.00,0.00,0.00,0,0,0.00,0.00,0,0
1520564775,s1-eth2,12202.00,260408.00,272610.00,260408,12202,161.00,172.00,333.00,172,161,0.00,0.00,0,0
1520564775,s1-eth1,249810.00,12202.00,262012.00,12202,249810,165.00,161.00,326.00,161,165,0.00,0.00,0,0
1520564775,s2-eth2,2818.00,77214.00,80032.00,77214,2818,35.00,51.00,86.00,51,35,0.00,0.00,0,0
1520564775,s2-eth1,72672.00,2744.00,75416.00,2744,72672,48.00,34.00,82.00,34,48,0.00,0.00,0,0
1520564775,lo,0.00,0.00,0.00,0,0,0.00,0.00,0.00,0,0,0.00,0.00,0,0
1520564775,total,337502.00,352628.00,690130.00,352628,337502,409.00,419.00,828.00,419,409,0.00,0.00,0,0
1520564776,s1,0.00,0.00,0.00,0,0,0.00,0.00,0.00,0,0,0.00,0.00,0,0
1520564776,eth0,0.00,60.00,60.00,60,0,0.00,1.00,1.00,1,0,0.00,0.00,0,0
1520564776,eth1,0.00,0.00,0.00,0,0,0.00,0.00,0.00,0,0,0.00,0.00,0,0
1520564776,s2,0.00,0.00,0.00,0,0,0.00,0.00,0.00,0,0,0.00,0.00,0,0
1520564776,s1-eth2,12154.00,255866.00,268020.00,255866,12154,155.00,169.00,324.00,169,155,0.00,0.00,0,0
1520564776,s1-eth1,244096.00,12154.00,256250.00,12154,244096,162.00,155.00,317.00,155,162,0.00,0.00,0,0
1520564776,s2-eth2,3336.00,60560.00,63896.00,60560,3336,40.00,40.00,80.00,40,40,0.00,0.00,0,0
1520564776,s2-eth1,62074.00,2994.00,65068.00,2994,62074,41.00,39.00,80.00,39,41,0.00,0.00,0,0
1520564776,lo,0.00,0.00,0.00,0,0,0.00,0.00,0.00,0,0,0.00,0.00,0,0
1520564776,total,321660.00,331634.00,653294.00,331634,321660,398.00,404.00,802.00,404,398,0.00,0.00,0,0
1520564777,s1,0.00,0.00,0.00,0,0,0.00,0.00,0.00,0,0,0.00,0.00,0,0
1520564777,eth0,0.00,0.00,0.00,0,0,0.00,0.00,0.00,0,0,0.00,0.00,0,0
1520564777,eth1,0.00,0.00,0.00,0,0,0.00,0.00,0.00,0,0,0.00,0.00,0,0
1520564777,s2,0.00,0.00,0.00,0,0,0.00,0.00,0.00,0,0,0.00,0.00,0,0
1520564777,s1-eth2,11866.00,257380.00,269246.00,257380,11866,155.00,170.00,325.00,170,155,0.00,0.00,0,0
1520564777,s1-eth1,249810.00,11866.00,261676.00,11866,249810,165.00,155.00,320.00,155,165,0.00,0.00,0,0
1520564777,s2-eth2,2538.00,52990.00,55528.00,52990,2538,33.00,35.00,68.00,35,33,0.00,0.00,0,0
1520564777,s2-eth1,48448.00,2538.00,50986.00,2538,48448,32.00,33.00,65.00,33,32,0.00,0.00,0,0
1520564777,lo,0.00,0.00,0.00,0,0,0.00,0.00,0.00,0,0,0.00,0.00,0,0
1520564777,total,312662.00,324774.00,637436.00,324774,312662,385.00,393.00,778.00,393,385,0.00,0.00,0,0
1520564778,s1,0.00,0.00,0.00,0,0,0.00,0.00,0.00,0,0,0.00,0.00,0,0
1520564778,eth0,0.00,0.00,0.00,0,0,0.00,0.00,0.00,0,0,0.00,0.00,0,0
1520564778,eth1,0.00,0.00,0.00,0,0,0.00,0.00,0.00,0,0,0.00,0.00,0,0
1520564778,s2,0.00,0.00,0.00,0,0,0.00,0.00,0.00,0,0,0.00,0.00,0,0
1520564778,s1-eth2,12399.60,260189.81,272589.41,260450,12412,163.84,172.83,336.66,173,164,0.00,0.00,0,0
1520564778,s1-eth1,249602.41,12399.60,262002.00,12412,249852,165.83,163.84,329.67,164,166,0.00,0.00,0,0
1520564778,s2-eth2,2237.76,45374.62,47612.39,45420,2240,27.97,29.97,57.94,30,28,0.00,0.00,0,0
1520564778,s2-eth1,43862.14,2237.76,46099.90,2240,43906,28.97,27.97,56.94,28,29,0.00,0.00,0,0
1520564778,lo,343.66,343.66,687.31,344,344,5.99,5.99,11.99,6,6,0.00,0.00,0,0
1520564778,total,308445.56,320545.47,628991.00,320866,308754,392.61,400.60,793.21,401,393,0.00,0.00,0,0
1520564779,s1,0.00,0.00,0.00,0,0,0.00,0.00,0.00,0,0,0.00,0.00,0,0
1520564779,eth0,0.00,120.00,120.00,120,0,0.00,2.00,2.00,2,0,0.00,0.00,0,0
1520564779,eth1,0.00,0.00,0.00,0,0,0.00,0.00,0.00,0,0,0.00,0.00,0,0
1520564779,s2,0.00,0.00,0.00,0,0,0.00,0.00,0.00,0,0,0.00,0.00,0,0
1520564779,s1-eth2,11874.00,254352.00,266226.00,254352,11874,157.00,168.00,325.00,168,157,0.00,0.00,0,0
1520564779,s1-eth1,249810.00,11960.00,261770.00,11960,249810,165.00,158.00,323.00,158,165,0.00,0.00,0,0
1520564779,s2-eth2,2242.00,49962.00,52204.00,49962,2242,29.00,33.00,62.00,33,29,0.00,0.00,0,0
1520564779,s2-eth1,48448.00,2242.00,50690.00,2242,48448,32.00,29.00,61.00,29,32,0.00,0.00,0,0
1520564779,lo,0.00,0.00,0.00,0,0,0.00,0.00,0.00,0,0,0.00,0.00,0,0
1520564779,total,312374.00,318636.00,631010.00,318636,312374,383.00,390.00,773.00,390,383,0.00,0.00,0,0
1520564780,s1,0.00,0.00,0.00,0,0,0.00,0.00,0.00,0,0,0.00,0.00,0,0
1520564780,eth0,0.00,60.00,60.00,60,0,0.00,1.00,1.00,1,0,0.00,0.00,0,0
1520564780,eth1,0.00,0.00,0.00,0,0,0.00,0.00,0.00,0,0,0.00,0.00,0,0
1520564780,s2,0.00,0.00,0.00,0,0,0.00,0.00,0.00,0,0,0.00,0.00,0,0
1520564780,s1-eth2,12564.00,255866.00,268430.00,255866,12564,162.00,169.00,331.00,169,162,0.00,0.00,0,0
1520564780,s1-eth1,251324.00,12478.00,263802.00,12478,251324,166.00,161.00,327.00,161,166,0.00,0.00,0,0
1520564780,s2-eth2,2920.00,63588.00,66508.00,63588,2920,38.00,42.00,80.00,42,38,0.00,0.00,0,0
1520564780,s2-eth1,59046.00,2920.00,61966.00,2920,59046,39.00,38.00,77.00,38,39,0.00,0.00,0,0
1520564780,lo,0.00,0.00,0.00,0,0,0.00,0.00,0.00,0,0,0.00,0.00,0,0
1520564780,total,325854.00,334912.00,660766.00,334912,325854,405.00,411.00,816.00,411,405,0.00,0.00,0,0
1520564781,s1,0.00,0.00,0.00,0,0,0.00,0.00,0.00,0,0,0.00,0.00,0,0
1520564781,eth0,0.00,180.00,180.00,180,0,0.00,3.00,3.00,3,0,0.00,0.00,0,0
1520564781,eth1,0.00,0.00,0.00,0,0,0.00,0.00,0.00,0,0,0.00,0.00,0,0
1520564781,s2,0.00,0.00,0.00,0,0,0.00,0.00,0.00,0,0,0.00,0.00,0,0
1520564781,s1-eth2,12158.00,257380.00,269538.00,257380,12158,159.00,170.00,329.00,170,159,0.00,0.00,0,0
1520564781,s1-eth1,249810.00,12158.00,261968.00,12158,249810,165.00,159.00,324.00,159,165,0.00,0.00,0,0
1520564781,s2-eth2,3034.00,72672.00,75706.00,72672,3034,41.00,48.00,89.00,48,41,0.00,0.00,0,0
1520564781,s2-eth1,74186.00,3034.00,77220.00,3034,74186,49.00,41.00,90.00,41,49,0.00,0.00,0,0
1520564781,lo,0.00,0.00,0.00,0,0,0.00,0.00,0.00,0,0,0.00,0.00,0,0
1520564781,total,339188.00,345424.00,684612.00,345424,339188,414.00,421.00,835.00,421,414,0.00,0.00,0,0
1520564782,s1,0.00,0.00,0.00,0,0,0.00,0.00,0.00,0,0,0.00,0.00,0,0
1520564782,eth0,0.00,60.00,60.00,60,0,0.00,1.00,1.00,1,0,0.00,0.00,0,0
1520564782,eth1,0.00,0.00,0.00,0,0,0.00,0.00,0.00,0,0,0.00,0.00,0,0
1520564782,s2,0.00,0.00,0.00,0,0,0.00,0.00,0.00,0,0,0.00,0.00,0,0
1520564782,s1-eth2,12708.00,258894.00,271602.00,258894,12708,164.00,171.00,335.00,171,164,0.00,0.00,0,0
1520564782,s1-eth1,249810.00,12708.00,262518.00,12708,249810,165.00,164.00,329.00,164,165,0.00,0.00,0,0
1520564782,s2-eth2,3176.00,60560.00,63736.00,60560,3176,40.00,40.00,80.00,40,40,0.00,0.00,0,0
1520564782,s2-eth1,54504.00,3176.00,57680.00,3176,54504,36.00,40.00,76.00,40,36,0.00,0.00,0,0
1520564782,lo,0.00,0.00,0.00,0,0,0.00,0.00,0.00,0,0,0.00,0.00,0,0
1520564782,total,320198.00,335398.00,655596.00,335398,320198,405.00,416.00,821.00,416,405,0.00,0.00,0,0
1520564783,s1,0.00,0.00,0.00,0,0,0.00,0.00,0.00,0,0,0.00,0.00,0,0
1520564783,eth0,0.00,60.00,60.00,60,0,0.00,1.00,1.00,1,0,0.00,0.00,0,0
1520564783,eth1,0.00,0.00,0.00,0,0,0.00,0.00,0.00,0,0,0.00,0.00,0,0
1520564783,s2,0.00,0.00,0.00,0,0,0.00,0.00,0.00,0,0,0.00,0.00,0,0
1520564783,s1-eth2,12046.00,258894.00,270940.00,258894,12046,157.00,171.00,328.00,171,157,0.00,0.00,0,0
1520564783,s1-eth1,249810.00,12046.00,261856.00,12046,249810,165.00,157.00,322.00,157,165,0.00,0.00,0,0
1520564783,s2-eth2,2008.00,49962.00,51970.00,49962,2008,26.00,33.00,59.00,33,26,0.00,0.00,0,0
1520564783,s2-eth1,56018.00,2008.00,58026.00,2008,56018,37.00,26.00,63.00,26,37,0.00,0.00,0,0
1520564783,lo,344.00,344.00,688.00,344,344,6.00,6.00,12.00,6,6,0.00,0.00,0,0
1520564783,total,320226.00,323314.00,643540.00,323314,320226,391.00,394.00,785.00,394,391,0.00,0.00,0,0
1520564784,s1,0.00,0.00,0.00,0,0,0.00,0.00,0.00,0,0,0.00,0.00,0,0
1520564784,eth0,0.00,0.00,0.00,0,0,0.00,0.00,0.00,0,0,0.00,0.00,0,0
1520564784,eth1,0.00,0.00,0.00,0,0,0.00,0.00,0.00,0,0,0.00,0.00,0,0
1520564784,s2,0.00,0.00,0.00,0,0,0.00,0.00,0.00,0,0,0.00,0.00,0,0
1520564784,s1-eth2,11892.00,261922.00,273814.00,261922,11892,156.00,173.00,329.00,173,156,0.00,0.00,0,0
1520564784,s1-eth1,249810.00,11892.00,261702.00,11892,249810,165.00,156.00,321.00,156,165,0.00,0.00,0,0
1520564784,s2-eth2,2082.00,59046.00,61128.00,59046,2082,27.00,39.00,66.00,39,27,0.00,0.00,0,0
1520564784,s2-eth1,48448.00,2082.00,50530.00,2082,48448,32.00,27.00,59.00,27,32,0.00,0.00,0,0
1520564784,lo,0.00,0.00,0.00,0,0,0.00,0.00,0.00,0,0,0.00,0.00,0,0
1520564784,total,312232.00,334942.00,647174.00,334942,312232,380.00,395.00,775.00,395,380,0.00,0.00,0,0
1520564785,s1,0.00,0.00,0.00,0,0,0.00,0.00,0.00,0,0,0.00,0.00,0,0
1520564785,eth0,0.00,60.00,60.00,60,0,0.00,1.00,1.00,1,0,0.00,0.00,0,0
1520564785,eth1,0.00,0.00,0.00,0,0,0.00,0.00,0.00,0,0,0.00,0.00,0,0
1520564785,s2,0.00,0.00,0.00,0,0,0.00,0.00,0.00,0,0,0.00,0.00,0,0
1520564785,s1-eth2,12138.00,254352.00,266490.00,254352,12138,157.00,168.00,325.00,168,157,0.00,0.00,0,0
1520564785,s1-eth1,250152.00,12138.00,262290.00,12138,250152,166.00,157.00,323.00,157,166,0.00,0.00,0,0
1520564785,s2-eth2,2220.00,63588.00,65808.00,63588,2220,30.00,42.00,72.00,42,30,0.00,0.00,0,0
1520564785,s2-eth1,72672.00,2220.00,74892.00,2220,72672,48.00,30.00,78.00,30,48,0.00,0.00,0,0
1520564785,lo,0.00,0.00,0.00,0,0,0.00,0.00,0.00,0,0,0.00,0.00,0,0
1520564785,total,337182.00,332358.00,669540.00,332358,337182,401.00,398.00,799.00,398,401,0.00,0.00,0,0
1520564786,s1,0.00,0.00,0.00,0,0,0.00,0.00,0.00,0,0,0.00,0.00,0,0
1520564786,eth0,0.00,60.00,60.00,60,0,0.00,1.00,1.00,1,0,0.00,0.00,0,0
1520564786,eth1,0.00,0.00,0.00,0,0,0.00,0.00,0.00,0,0,0.00,0.00,0,0
1520564786,s2,0.00,0.00,0.00,0,0,0.00,0.00,0.00,0,0,0.00,0.00,0,0
1520564786,s1-eth2,12338.00,258894.00,271232.00,258894,12338,161.00,171.00,332.00,171,161,0.00,0.00,0,0
1520564786,s1-eth1,249810.00,12412.00,262222.00,12412,249810,165.00,162.00,327.00,162,165,0.00,0.00,0,0
1520564786,s2-eth2,3142.00,72672.00,75814.00,72672,3142,41.00,48.00,89.00,48,41,0.00,0.00,0,0
1520564786,s2-eth1,60560.00,3142.00,63702.00,3142,60560,40.00,41.00,81.00,41,40,0.00,0.00,0,0
1520564786,lo,0.00,0.00,0.00,0,0,0.00,0.00,0.00,0,0,0.00,0.00,0,0
1520564786,total,325850.00,347180.00,673030.00,347180,325850,407.00,423.00,830.00,423,407,0.00,0.00,0,0
1520564787,s1,0.00,0.00,0.00,0,0,0.00,0.00,0.00,0,0,0.00,0.00,0,0
1520564787,eth0,0.00,120.00,120.00,120,0,0.00,2.00,2.00,2,0,0.00,0.00,0,0
1520564787,eth1,0.00,0.00,0.00,0,0,0.00,0.00,0.00,0,0,0.00,0.00,0,0
1520564787,s2,0.00,0.00,0.00,0,0,0.00,0.00,0.00,0,0,0.00,0.00,0,0
1520564787,s1-eth2,12664.00,252838.00,265502.00,252838,12664,162.00,167.00,329.00,167,162,0.00,0.00,0,0
1520564787,s1-eth1,248296.00,12590.00,260886.00,12590,248296,164.00,161.00,325.00,161,164,0.00,0.00,0,0
1520564787,s2-eth2,3068.00,68130.00,71198.00,68130,3068,40.00,45.00,85.00,45,40,0.00,0.00,0,0
1520564787,s2-eth1,77556.00,3142.00,80698.00,3142,77556,52.00,41.00,93.00,41,52,0.00,0.00,0,0
1520564787,lo,0.00,0.00,0.00,0,0,0.00,0.00,0.00,0,0,0.00,0.00,0,0
1520564787,total,341584.00,336820.00,678404.00,336820,341584,418.00,416.00,834.00,416,418,0.00,0.00,0,0
1520564788,s1,0.00,0.00,0.00,0,0,0.00,0.00,0.00,0,0,0.00,0.00,0,0
1520564788,eth0,0.00,0.00,0.00,0,0,0.00,0.00,0.00,0,0,0.00,0.00,0,0
1520564788,eth1,0.00,0.00,0.00,0,0,0.00,0.00,0.00,0,0,0.00,0.00,0,0
1520564788,s2,0.00,0.00,0.00,0,0,0.00,0.00,0.00,0,0,0.00,0.00,0,0
1520564788,s1-eth2,12674.00,260408.00,273082.00,260408,12674,161.00,172.00,333.00,172,161,0.00,0.00,0,0
1520564788,s1-eth1,249810.00,12332.00,262142.00,12332,249810,165.00,160.00,325.00,160,165,0.00,0.00,0,0
1520564788,s2-eth2,3524.00,90840.00,94364.00,90840,3524,44.00,60.00,104.00,60,44,0.00,0.00,0,0
1520564788,s2-eth1,81756.00,3108.00,84864.00,3108,81756,54.00,42.00,96.00,42,54,0.00,0.00,0,0
1520564788,lo,344.00,344.00,688.00,344,344,6.00,6.00,12.00,6,6,0.00,0.00,0,0
1520564788,total,348108.00,367032.00,715140.00,367032,348108,430.00,440.00,870.00,440,430,0.00,0.00,0,0
1520564789,s1,0.00,0.00,0.00,0,0,0.00,0.00,0.00,0,0,0.00,0.00,0,0
1520564789,eth0,0.00,0.00,0.00,0,0,0.00,0.00,0.00,0,0,0.00,0.00,0,0
1520564789,eth1,0.00,0.00,0.00,0,0,0.00,0.00,0.00,0,0,0.00,0.00,0,0
1520564789,s2,0.00,0.00,0.00,0,0,0.00,0.00,0.00,0,0,0.00,0.00,0,0
1520564789,s1-eth2,11948.00,266464.00,278412.00,266464,11948,156.00,176.00,332.00,176,156,0.00,0.00,0,0
1520564789,s1-eth1,249810.00,11948.00,261758.00,11948,249810,165.00,156.00,321.00,156,165,0.00,0.00,0,0
1520564789,s2-eth2,2294.00,92354.00,94648.00,92354,2294,31.00,61.00,92.00,61,31,0.00,0.00,0,0
1520564789,s2-eth1,95382.00,2294.00,97676.00,2294,95382,63.00,31.00,94.00,31,63,0.00,0.00,0,0
1520564789,lo,0.00,0.00,0.00,0,0,0.00,0.00,0.00,0,0,0.00,0.00,0,0
1520564789,total,359434.00,373060.00,732494.00,373060,359434,415.00,424.00,839.00,424,415,0.00,0.00,0,0
1520564790,s1,0.00,0.00,0.00,0,0,0.00,0.00,0.00,0,0,0.00,0.00,0,0
1520564790,eth0,0.00,60.00,60.00,60,0,0.00,1.00,1.00,1,0,0.00,0.00,0,0
1520564790,eth1,0.00,0.00,0.00,0,0,0.00,0.00,0.00,0,0,0.00,0.00,0,0
1520564790,s2,0.00,0.00,0.00,0,0,0.00,0.00,0.00,0,0,0.00,0.00,0,0
1520564790,s1-eth2,12334.00,263436.00,275770.00,263436,12334,163.00,174.00,337.00,174,163,0.00,0.00,0,0
1520564790,s1-eth1,249810.00,12334.00,262144.00,12334,249810,165.00,163.00,328.00,163,165,0.00,0.00,0,0
1520564790,s2-eth2,3962.00,80242.00,84204.00,80242,3962,49.00,53.00,102.00,53,49,0.00,0.00,0,0
1520564790,s2-eth1,77214.00,3962.00,81176.00,3962,77214,51.00,49.00,100.00,49,51,0.00,0.00,0,0
1520564790,lo,0.00,0.00,0.00,0,0,0.00,0.00,0.00,0,0,0.00,0.00,0,0
1520564790,total,343320.00,360034.00,703354.00,360034,343320,428.00,440.00,868.00,440,428,0.00,0.00,0,0
1520564791,s1,0.00,0.00,0.00,0,0,0.00,0.00,0.00,0,0,0.00,0.00,0,0
1520564791,eth0,0.00,60.00,60.00,60,0,0.00,1.00,1.00,1,0,0.00,0.00,0,0
1520564791,eth1,0.00,0.00,0.00,0,0,0.00,0.00,0.00,0,0,0.00,0.00,0,0
1520564791,s2,0.00,0.00,0.00,0,0,0.00,0.00,0.00,0,0,0.00,0.00,0,0
1520564791,s1-eth2,11738.00,251324.00,263062.00,251324,11738,153.00,166.00,319.00,166,153,0.00,0.00,0,0
1520564791,s1-eth1,249810.00,11812.00,261622.00,11812,249810,165.00,154.00,319.00,154,165,0.00,0.00,0,0
1520564791,s2-eth2,2342.00,56018.00,58360.00,56018,2342,31.00,37.00,68.00,37,31,0.00,0.00,0,0
1520564791,s2-eth1,57532.00,2342.00,59874.00,2342,57532,38.00,31.00,69.00,31,38,0.00,0.00,0,0
1520564791,lo,0.00,0.00,0.00,0,0,0.00,0.00,0.00,0,0,0.00,0.00,0,0
1520564791,total,321422.00,321556.00,642978.00,321556,321422,387.00,389.00,776.00,389,387,0.00,0.00,0,0
1520564792,s1,0.00,0.00,0.00,0,0,0.00,0.00,0.00,0,0,0.00,0.00,0,0
1520564792,eth0,0.00,60.00,60.00,60,0,0.00,1.00,1.00,1,0,0.00,0.00,0,0
1520564792,eth1,0.00,0.00,0.00,0,0,0.00,0.00,0.00,0,0,0.00,0.00,0,0
1520564792,s2,0.00,0.00,0.00,0,0,0.00,0.00,0.00,0,0,0.00,0.00,0,0
1520564792,s1-eth2,12218.00,251324.00,263542.00,251324,12218,157.00,166.00,323.00,166,157,0.00,0.00,0,0
1520564792,s1-eth1,249810.00,12144.00,261954.00,12144,249810,165.00,156.00,321.00,156,165,0.00,0.00,0,0
1520564792,s2-eth2,3404.00,69644.00,73048.00,69644,3404,44.00,46.00,90.00,46,44,0.00,0.00,0,0
1520564792,s2-eth1,59046.00,3404.00,62450.00,3404,59046,39.00,44.00,83.00,44,39,0.00,0.00,0,0
1520564792,lo,0.00,0.00,0.00,0,0,0.00,0.00,0.00,0,0,0.00,0.00,0,0
1520564792,total,324478.00,336576.00,661054.00,336576,324478,405.00,413.00,818.00,413,405,0.00,0.00,0,0
1520564793,s1,0.00,0.00,0.00,0,0,0.00,0.00,0.00,0,0,0.00,0.00,0,0
1520564793,eth0,0.00,60.00,60.00,60,0,0.00,1.00,1.00,1,0,0.00,0.00,0,0
1520564793,eth1,0.00,0.00,0.00,0,0,0.00,0.00,0.00,0,0,0.00,0.00,0,0
1520564793,s2,0.00,0.00,0.00,0,0,0.00,0.00,0.00,0,0,0.00,0.00,0,0
1520564793,s1-eth2,11954.00,260408.00,272362.00,260408,11954,155.00,172.00,327.00,172,155,0.00,0.00,0,0
1520564793,s1-eth1,249810.00,11954.00,261764.00,11954,249810,165.00,155.00,320.00,155,165,0.00,0.00,0,0
1520564793,s2-eth2,2822.00,66616.00,69438.00,66616,2822,37.00,44.00,81.00,44,37,0.00,0.00,0,0
1520564793,s2-eth1,72672.00,2822.00,75494.00,2822,72672,48.00,37.00,85.00,37,48,0.00,0.00,0,0
1520564793,lo,344.00,344.00,688.00,344,344,6.00,6.00,12.00,6,6,0.00,0.00,0,0
1520564793,total,337602.00,342204.00,679806.00,342204,337602,411.00,415.00,826.00,415,411,0.00,0.00,0,0
1520564794,s1,0.00,0.00,0.00,0,0,0.00,0.00,0.00,0,0,0.00,0.00,0,0
1520564794,eth0,0.00,60.00,60.00,60,0,0.00,1.00,1.00,1,0,0.00,0.00,0,0
1520564794,eth1,0.00,0.00,0.00,0,0,0.00,0.00,0.00,0,0,0.00,0.00,0,0
1520564794,s2,0.00,0.00,0.00,0,0,0.00,0.00,0.00,0,0,0.00,0.00,0,0
1520564794,s1-eth2,12482.00,255866.00,268348.00,255866,12482,163.00,169.00,332.00,169,163,0.00,0.00,0,0
1520564794,s1-eth1,251324.00,12556.00,263880.00,12556,251324,166.00,164.00,330.00,164,166,0.00,0.00,0,0
1520564794,s2-eth2,2944.00,68130.00,71074.00,68130,2944,38.00,45.00,83.00,45,38,0.00,0.00,0,0
1520564794,s2-eth1,57532.00,2944.00,60476.00,2944,57532,38.00,38.00,76.00,38,38,0.00,0.00,0,0
1520564794,lo,0.00,0.00,0.00,0,0,0.00,0.00,0.00,0,0,0.00,0.00,0,0
1520564794,total,324282.00,339556.00,663838.00,339556,324282,405.00,417.00,822.00,417,405,0.00,0.00,0,0
1520564795,s1,0.00,0.00,0.00,0,0,0.00,0.00,0.00,0,0,0.00,0.00,0,0
1520564795,eth0,0.00,60.00,60.00,60,0,0.00,1.00,1.00,1,0,0.00,0.00,0,0
1520564795,eth1,0.00,0.00,0.00,0,0,0.00,0.00,0.00,0,0,0.00,0.00,0,0
1520564795,s2,0.00,0.00,0.00,0,0,0.00,0.00,0.00,0,0,0.00,0.00,0,0
1520564795,s1-eth2,11988.00,263436.00,275424.00,263436,11988,162.00,174.00,336.00,174,162,0.00,0.00,0,0
1520564795,s1-eth1,249810.00,11914.00,261724.00,11914,249810,165.00,161.00,326.00,161,165,0.00,0.00,0,0
1520564795,s2-eth2,2072.00,74186.00,76258.00,74186,2072,28.00,49.00,77.00,49,28,0.00,0.00,0,0
1520564795,s2-eth1,77214.00,2072.00,79286.00,2072,77214,51.00,28.00,79.00,28,51,0.00,0.00,0,0
1520564795,lo,0.00,0.00,0.00,0,0,0.00,0.00,0.00,0,0,0.00,0.00,0,0
1520564795,total,341084.00,351668.00,692752.00,351668,341084,406.00,413.00,819.00,413,406,0.00,0.00,0,0
1520564796,s1,0.00,0.00,0.00,0,0,0.00,0.00,0.00,0,0,0.00,0.00,0,0
1520564796,eth0,0.00,0.00,0.00,0,0,0.00,0.00,0.00,0,0,0.00,0.00,0,0
1520564796,eth1,0.00,0.00,0.00,0,0,0.00,0.00,0.00,0,0,0.00,0.00,0,0
1520564796,s2,0.00,0.00,0.00,0,0,0.00,0.00,0.00,0,0,0.00,0.00,0,0
1520564796,s1-eth2,12576.00,245268.00,257844.00,245268,12576,160.00,162.00,322.00,162,160,0.00,0.00,0,0
1520564796,s1-eth1,250152.00,12234.00,262386.00,12234,250152,166.00,159.00,325.00,159,166,0.00,0.00,0,0
1520564796,s2-eth2,3188.00,66616.00,69804.00,66616,3188,38.00,44.00,82.00,44,38,0.00,0.00,0,0
1520564796,s2-eth1,62074.00,2846.00,64920.00,2846,62074,41.00,37.00,78.00,37,41,0.00,0.00,0,0
1520564796,lo,0.00,0.00,0.00,0,0,0.00,0.00,0.00,0,0,0.00,0.00,0,0
1520564796,total,327990.00,326964.00,654954.00,326964,327990,405.00,402.00,807.00,402,405,0.00,0.00,0,0
1520564797,s1,0.00,0.00,0.00,0,0,0.00,0.00,0.00,0,0,0.00,0.00,0,0
1520564797,eth0,0.00,60.00,60.00,60,0,0.00,1.00,1.00,1,0,0.00,0.00,0,0
1520564797,eth1,0.00,0.00,0.00,0,0,0.00,0.00,0.00,0,0,0.00,0.00,0,0
1520564797,s2,0.00,0.00,0.00,0,0,0.00,0.00,0.00,0,0,0.00,0.00,0,0
1520564797,s1-eth2,12478.00,258894.00,271372.00,258894,12478,161.00,171.00,332.00,171,161,0.00,0.00,0,0
1520564797,s1-eth1,249810.00,12478.00,262288.00,12478,249810,165.00,161.00,326.00,161,165,0.00,0.00,0,0
1520564797,s2-eth2,3142.00,72672.00,75814.00,72672,3142,41.00,48.00,89.00,48,41,0.00,0.00,0,0
1520564797,s2-eth1,75700.00,3142.00,78842.00,3142,75700,50.00,41.00,91.00,41,50,0.00,0.00,0,0
1520564797,lo,0.00,0.00,0.00,0,0,0.00,0.00,0.00,0,0,0.00,0.00,0,0
1520564797,total,341130.00,347246.00,688376.00,347246,341130,417.00,422.00,839.00,422,417,0.00,0.00,0,0
1520564798,s1,0.00,0.00,0.00,0,0,0.00,0.00,0.00,0,0,0.00,0.00,0,0
1520564798,eth0,0.00,60.00,60.00,60,0,0.00,1.00,1.00,1,0,0.00,0.00,0,0
1520564798,eth1,0.00,0.00,0.00,0,0,0.00,0.00,0.00,0,0,0.00,0.00,0,0
1520564798,s2,0.00,0.00,0.00,0,0,0.00,0.00,0.00,0,0,0.00,0.00,0,0
1520564798,s1-eth2,12144.00,257380.00,269524.00,257380,12144,162.00,170.00,332.00,170,162,0.00,0.00,0,0
1520564798,s1-eth1,249810.00,12144.00,261954.00,12144,249810,165.00,162.00,327.00,162,165,0.00,0.00,0,0
1520564798,s2-eth2,3050.00,71158.00,74208.00,71158,3050,39.00,47.00,86.00,47,39,0.00,0.00,0,0
1520564798,s2-eth1,72672.00,3050.00,75722.00,3050,72672,48.00,39.00,87.00,39,48,0.00,0.00,0,0
1520564798,lo,344.00,344.00,688.00,344,344,6.00,6.00,12.00,6,6,0.00,0.00,0,0
1520564798,total,338020.00,344136.00,682156.00,344136,338020,420.00,425.00,845.00,425,420,0.00,0.00,0,0
1520564799,s1,0.00,0.00,0.00,0,0,0.00,0.00,0.00,0,0,0.00,0.00,0,0
1520564799,eth0,596.00,738.00,1334.00,738,596,6.00,6.00,12.00,6,6,0.00,0.00,0,0
1520564799,eth1,0.00,0.00,0.00,0,0,0.00,0.00,0.00,0,0,0.00,0.00,0,0
1520564799,s2,0.00,0.00,0.00,0,0,0.00,0.00,0.00,0,0,0.00,0.00,0,0
1520564799,s1-eth2,12462.00,249810.00,262272.00,249810,12462,159.00,165.00,324.00,165,159,0.00,0.00,0,0
1520564799,s1-eth1,249810.00,12462.00,262272.00,12462,249810,165.00,159.00,324.00,159,165,0.00,0.00,0,0
1520564799,s2-eth2,3668.00,96938.00,100606.00,96938,3668,50.00,65.00,115.00,65,50,0.00,0.00,0,0
1520564799,s2-eth1,87854.00,3668.00,91522.00,3668,87854,59.00,50.00,109.00,50,59,0.00,0.00,0,0
1520564799,lo,682.00,682.00,1364.00,682,682,8.00,8.00,16.00,8,8,0.00,0.00,0,0
1520564799,total,355072.00,364298.00,719370.00,364298,355072,447.00,453.00,900.00,453,447,0.00,0.00,0,0
1520564800,s1,0.00,0.00,0.00,0,0,0.00,0.00,0.00,0,0,0.00,0.00,0,0
1520564800,eth0,192.00,371.00,563.00,371,192,2.00,3.00,5.00,3,2,0.00,0.00,0,0
1520564800,eth1,0.00,86.00,86.00,86,0,0.00,1.00,1.00,1,0,0.00,0.00,0,0
1520564800,s2,0.00,0.00,0.00,0,0,0.00,0.00,0.00,0,0,0.00,0.00,0,0
1520564800,s1-eth2,10588.00,218714.00,229302.00,218714,10588,140.00,145.00,285.00,145,140,0.00,0.00,0,0
1520564800,s1-eth1,217200.00,10588.00,227788.00,10588,217200,144.00,140.00,284.00,140,144,0.00,0.00,0,0
1520564800,s2-eth2,3694.00,71158.00,74852.00,71158,3694,47.00,47.00,94.00,47,47,0.00,0.00,0,0
1520564800,s2-eth1,77214.00,3694.00,80908.00,3694,77214,51.00,47.00,98.00,47,51,0.00,0.00,0,0
1520564800,lo,341.00,341.00,682.00,341,341,4.00,4.00,8.00,4,4,0.00,0.00,0,0
1520564800,total,309229.00,304952.00,614181.00,304952,309229,388.00,387.00,775.00,387,388,0.00,0.00,0,0
1520564801,s1,0.00,0.00,0.00,0,0,0.00,0.00,0.00,0,0,0.00,0.00,0,0
1520564801,eth0,0.00,0.00,0.00,0,0,0.00,0.00,0.00,0,0,0.00,0.00,0,0
1520564801,eth1,0.00,0.00,0.00,0,0,0.00,0.00,0.00,0,0,0.00,0.00,0,0
1520564801,s2,0.00,0.00,0.00,0,0,0.00,0.00,0.00,0,0,0.00,0.00,0,0
1520564801,s1-eth2,234.00,1736.00,1970.00,1736,234,3.00,4.00,7.00,4,3,0.00,0.00,0,0
1520564801,s1-eth1,1736.00,234.00,1970.00,234,1736,4.00,3.00,7.00,3,4,0.00,0.00,0,0
1520564801,s2-eth2,222.00,2360.00,2582.00,2360,222,3.00,4.00,7.00,4,3,0.00,0.00,0,0
1520564801,s2-eth1,2360.00,222.00,2582.00,222,2360,4.00,3.00,7.00,3,4,0.00,0.00,0,0
1520564801,lo,0.00,0.00,0.00,0,0,0.00,0.00,0.00,0,0,0.00,0.00,0,0
1520564801,total,4552.00,4552.00,9104.00,4552,4552,14.00,14.00,28.00,14,14,0.00,0.00,0,0
1520564802,s1,0.00,0.00,0.00,0,0,0.00,0.00,0.00,0,0,0.00,0.00,0,0
1520564802,eth0,0.00,120.00,120.00,120,0,0.00,2.00,2.00,2,0,0.00,0.00,0,0
1520564802,eth1,0.00,0.00,0.00,0,0,0.00,0.00,0.00,0,0,0.00,0.00,0,0
1520564802,s2,0.00,0.00,0.00,0,0,0.00,0.00,0.00,0,0,0.00,0.00,0,0
1520564802,s1-eth2,0.00,0.00,0.00,0,0,0.00,0.00,0.00,0,0,0.00,0.00,0,0
1520564802,s1-eth1,0.00,0.00,0.00,0,0,0.00,0.00,0.00,0,0,0.00,0.00,0,0
1520564802,s2-eth2,0.00,0.00,0.00,0,0,0.00,0.00,0.00,0,0,0.00,0.00,0,0
1520564802,s2-eth1,0.00,0.00,0.00,0,0,0.00,0.00,0.00,0,0,0.00,0.00,0,0
1520564802,lo,0.00,0.00,0.00,0,0,0.00,0.00,0.00,0,0,0.00,0.00,0,0
1520564802,total,0.00,120.00,120.00,120,0,0.00,2.00,2.00,2,0,0.00,0.00,0,0
1520564803,s1,0.00,0.00,0.00,0,0,0.00,0.00,0.00,0,0,0.00,0.00,0,0
1520564803,eth0,0.00,60.00,60.00,60,0,0.00,1.00,1.00,1,0,0.00,0.00,0,0
1520564803,eth1,0.00,0.00,0.00,0,0,0.00,0.00,0.00,0,0,0.00,0.00,0,0
1520564803,s2,0.00,0.00,0.00,0,0,0.00,0.00,0.00,0,0,0.00,0.00,0,0
1520564803,s1-eth2,0.00,0.00,0.00,0,0,0.00,0.00,0.00,0,0,0.00,0.00,0,0
1520564803,s1-eth1,0.00,0.00,0.00,0,0,0.00,0.00,0.00,0,0,0.00,0.00,0,0
1520564803,s2-eth2,0.00,0.00,0.00,0,0,0.00,0.00,0.00,0,0,0.00,0.00,0,0
1520564803,s2-eth1,0.00,0.00,0.00,0,0,0.00,0.00,0.00,0,0,0.00,0.00,0,0
1520564803,lo,344.00,344.00,688.00,344,344,6.00,6.00,12.00,6,6,0.00,0.00,0,0
1520564803,total,344.00,404.00,748.00,404,344,6.00,7.00,13.00,7,6,0.00,0.00,0,0
1520564804,s1,0.00,0.00,0.00,0,0,0.00,0.00,0.00,0,0,0.00,0.00,0,0
1520564804,eth0,722.00,1053.00,1775.00,1053,722,8.00,9.00,17.00,9,8,0.00,0.00,0,0
1520564804,eth1,0.00,0.00,0.00,0,0,0.00,0.00,0.00,0,0,0.00,0.00,0,0
1520564804,s2,0.00,0.00,0.00,0,0,0.00,0.00,0.00,0,0,0.00,0.00,0,0
1520564804,s1-eth2,510.00,0.00,510.00,0,510,3.00,0.00,3.00,0,3,0.00,0.00,0,0
1520564804,s1-eth1,432.00,0.00,432.00,0,432,2.00,0.00,2.00,0,2,0.00,0.00,0,0
1520564804,s2-eth2,600.00,0.00,600.00,0,600,4.00,0.00,4.00,0,4,0.00,0.00,0,0
1520564804,s2-eth1,432.00,0.00,432.00,0,432,2.00,0.00,2.00,0,2,0.00,0.00,0,0
1520564804,lo,1023.00,1023.00,2046.00,1023,1023,12.00,12.00,24.00,12,12,0.00,0.00,0,0
1520564804,total,3719.00,2076.00,5795.00,2076,3719,31.00,21.00,52.00,21,31,0.00,0.00,0,0
1520564805,s1,0.00,0.00,0.00,0,0,0.00,0.00,0.00,0,0,0.00,0.00,0,0
1520564805,eth0,576.00,915.00,1491.00,915,576,6.00,7.00,13.00,7,6,0.00,0.00,0,0
1520564805,eth1,0.00,0.00,0.00,0,0,0.00,0.00,0.00,0,0,0.00,0.00,0,0
152056480