1520564813,s1,0.00,0.00,0.00,0,0,0.00,0.00,0.00,0,0,0.00,0.00,0,0
1520564813,eth0,0.00,0.00,0.00,0,0,0.00,0.00,0.00,0,0,0.00,0.00,0,0
1520564813,eth1,0.00,0.00,0.00,0,0,0.00,0.00,0.00,0,0,0.00,0.00,0,0
1520564813,s2,0.00,0.00,0.00,0,0,0.00,0.00,0.00,0,0,0.00,0.00,0,0
1520564813,s1-eth2,0.00,0.00,0.00,0,0,0.00,0.00,0.00,0,0,0.00,0.00,0,0
1520564813,s1-eth1,0.00,0.00,0.00,0,0,0.00,0.00,0.00,0,0,0.00,0.00,0,0
1520564813,s2-eth2,0.00,0.00,0.00,0,0,0.00,0.00,0.00,0,0,0.00,0.00,0,0
1520564813,s2-eth1,0.00,0.00,0.00,0,0,0.00,0.00,0.00,0,0,0.00,0.00,0,0
1520564813,lo,0.00,0.00,0.00,0,0,0.00,0.00,0.00,0,0,0.00,0.00,0,0
1520564813,total,0.00,0.00,0.00,0,0,0.00,0.00,0.00,0,0,0.00,0.00,0,0
1520564814,s1,89.91,179.82,269.73,180,90,1.00,2.00,3.00,2,1,0.00,0.00,0,0
1520564814,eth0,575.42,1198.80,1774.23,1200,576,5.99,8.99,14.99,9,6,0.00,0.00,0,0
1520564814,eth1,0.00,0.00,0.00,0,0,0.00,0.00,0.00,0,0,0.00,0.00,0,0
1520564814,s2,159.84,249.75,409.59,250,160,2.00,3.00,5.00,3,2,0.00,0.00,0,0
1520564814,s1-eth2,771.23,89.91,861.14,90,772,5.99,1.00,6.99,1,6,0.00,0.00,0,0
1520564814,s1-eth1,179.82,89.91,269.73,90,180,2.00,1.00,3.00,1,2,0.00,0.00,0,0
1520564814,s2-eth2,249.75,249.75,499.50,250,250,3.00,3.00,5.99,3,3,0.00,0.00,0,0
1520564814,s2-eth1,499.50,0.00,499.50,0,500,5.99,0.00,5.99,0,6,0.00,0.00,0,0
1520564814,lo,3500.50,3500.50,7001.00,3504,3504,37.96,37.96,75.92,38,38,0.00,0.00,0,0
1520564814,total,6025.97,5558.44,11584.42,5564,6032,63.94,56.94,120.88,57,64,0.00,0.00,0,0
1520564815,s1,0.00,0.00,0.00,0,0,0.00,0.00,0.00,0,0,0.00,0.00,0,0
1520564815,eth0,192.00,345.00,537.00,345,192,2.00,3.00,5.00,3,2,0.00,0.00,0,0
1520564815,eth1,0.00,0.00,0.00,0,0,0.00,0.00,0.00,0,0,0.00,0.00,0,0
1520564815,s2,90.00,0.00,90.00,0,90,1.00,0.00,1.00,0,1,0.00,0.00,0,0
1520564815,s1-eth2,0.00,0.00,0.00,0,0,0.00,0.00,0.00,0,0,0.00,0.00,0,0
1520564815,s1-eth1,342.00,0.00,342.00,0,342,1.00,0.00,1.00,0,1,0.00,0.00,0,0
1520564815,s2-eth2,432.00,0.00,432.00,0,432,2.00,0.00,2.00,0,2,0.00,0.00,0,0
1520564815,s2-eth1,432.00,0.00,432.00,0,432,2.00,0.00,2.00,0,2,0.00,0.00,0,0
1520564815,lo,629.00,629.00,1258.00,629,629,7.00,7.00,14.00,7,7,0.00,0.00,0,0
1520564815,total,2117.00,974.00,3091.00,974,2117,15.00,10.00,25.00,10,15,0.00,0.00,0,0
1520564816,s1,0.00,0.00,0.00,0,0,0.00,0.00,0.00,0,0,0.00,0.00,0,0
1520564816,eth0,0.00,59.94,59.94,60,0,0.00,1.00,1.00,1,0,0.00,0.00,0,0
1520564816,eth1,0.00,0.00,0.00,0,0,0.00,0.00,0.00,0,0,0.00,0.00,0,0
1520564816,s2,0.00,0.00,0.00,0,0,0.00,0.00,0.00,0,0,0.00,0.00,0,0
1520564816,s1-eth2,0.00,0.00,0.00,0,0,0.00,0.00,0.00,0,0,0.00,0.00,0,0
1520564816,s1-eth1,0.00,0.00,0.00,0,0,0.00,0.00,0.00,0,0,0.00,0.00,0,0
1520564816,s2-eth2,0.00,0.00,0.00,0,0,0.00,0.00,0.00,0,0,0.00,0.00,0,0
1520564816,s2-eth1,0.00,0.00,0.00,0,0,0.00,0.00,0.00,0,0,0.00,0.00,0,0
1520564816,lo,0.00,0.00,0.00,0,0,0.00,0.00,0.00,0,0,0.00,0.00,0,0
1520564816,total,0.00,59.94,59.94,60,0,0.00,1.00,1.00,1,0,0.00,0.00,0,0
1520564817,s1,70.00,140.00,210.00,140,70,1.00,2.00,3.00,2,1,0.00,0.00,0,0
1520564817,eth0,0.00,60.00,60.00,60,0,0.00,1.00,1.00,1,0,0.00,0.00,0,0
1520564817,eth1,0.00,0.00,0.00,0,0,0.00,0.00,0.00,0,0,0.00,0.00,0,0
1520564817,s2,0.00,70.00,70.00,70,0,0.00,1.00,1.00,1,0,0.00,0.00,0,0
1520564817,s1-eth2,182.00,112.00,294.00,112,182,3.00,2.00,5.00,2,3,0.00,0.00,0,0
1520564817,s1-eth1,252.00,112.00,364.00,112,252,4.00,2.00,6.00,2,4,0.00,0.00,0,0
1520564817,s2-eth2,140.00,0.00,140.00,0,140,2.00,0.00,2.00,0,2,0.00,0.00,0,0
1520564817,s2-eth1,70.00,70.00,140.00,70,70,1.00,1.00,2.00,1,1,0.00,0.00,0,0
1520564817,lo,1560.00,1560.00,3120.00,1560,1560,16.00,16.00,32.00,16,16,0.00,0.00,0,0
1520564817,total,2274.00,2124.00,4398.00,2124,2274,27.00,25.00,52.00,25,27,0.00,0.00,0,0
1520564818,s1,0.00,0.00,0.00,0,0,0.00,0.00,0.00,0,0,0.00,0.00,0,0
1520564818,eth0,0.00,60.00,60.00,60,0,0.00,1.00,1.00,1,0,0.00,0.00,0,0
1520564818,eth1,0.00,0.00,0.00,0,0,0.00,0.00,0.00,0,0,0.00,0.00,0,0
1520564818,s2,70.00,70.00,140.00,70,70,1.00,1.00,2.00,1,1,0.00,0.00,0,0
1520564818,s1-eth2,70.00,0.00,70.00,0,70,1.00,0.00,1.00,0,1,0.00,0.00,0,0
1520564818,s1-eth1,0.00,0.00,0.00,0,0,0.00,0.00,0.00,0,0,0.00,0.00,0,0
1520564818,s2-eth2,70.00,70.00,140.00,70,70,1.00,1.00,2.00,1,1,0.00,0.00,0,0
1520564818,s2-eth1,140.00,0.00,140.00,0,140,2.00,0.00,2.00,0,2,0.00,0.00,0,0
1520564818,lo,588.00,588.00,1176.00,588,588,7.00,7.00,14.00,7,7,0.00,0.00,0,0
1520564818,total,938.00,788.00,1726.00,788,938,12.00,10.00,22.00,10,12,0.00,0.00,0,0
1520564819,s1,0.00,0.00,0.00,0,0,0.00,0.00,0.00,0,0,0.00,0.00,0,0
1520564819,eth0,0.00,0.00,0.00,0,0,0.00,0.00,0.00,0,0,0.00,0.00,0,0
1520564819,eth1,0.00,0.00,0.00,0,0,0.00,0.00,0.00,0,0,0.00,0.00,0,0
1520564819,s2,0.00,0.00,0.00,0,0,0.00,0.00,0.00,0,0,0.00,0.00,0,0
1520564819,s1-eth2,0.00,0.00,0.00,0,0,0.00,0.00,0.00,0,0,0.00,0.00,0,0
1520564819,s1-eth1,0.00,0.00,0.00,0,0,0.00,0.00,0.00,0,0,0.00,0.00,0,0
1520564819,s2-eth2,342.00,0.00,342.00,0,342,1.00,0.00,1.00,0,1,0.00,0.00,0,0
1520564819,s2-eth1,0.00,0.00,0.00,0,0,0.00,0.00,0.00,0,0,0.00,0.00,0,0
1520564819,lo,0.00,0.00,0.00,0,0,0.00,0.00,0.00,0,0,0.00,0.00,0,0
1520564819,total,342.00,0.00,342.00,0,342,1.00,0.00,1.00,0,1,0.00,0.00,0,0
1520564820,s1,0.00,0.00,0.00,0,0,0.00,0.00,0.00,0,0,0.00,0.00,0,0
1520564820,eth0,0.00,59.94,59.94,60,0,0.00,1.00,1.00,1,0,0.00,0.00,0,0
1520564820,eth1,0.00,0.00,0.00,0,0,0.00,0.00,0.00,0,0,0.00,0.00,0,0
1520564820,s2,0.00,0.00,0.00,0,0,0.00,0.00,0.00,0,0,0.00,0.00,0,0
1520564820,s1-eth2,0.00,0.00,0.00,0,0,0.00,0.00,0.00,0,0,0.00,0.00,0,0
1520564820,s1-eth1,0.00,0.00,0.00,0,0,0.00,0.00,0.00,0,0,0.00,0.00,0,0
1520564820,s2-eth2,0.00,0.00,0.00,0,0,0.00,0.00,0.00,0,0,0.00,0.00,0,0
1520564820,s2-eth1,0.00,0.00,0.00,0,0,0.00,0.00,0.00,0,0,0.00,0.00,0,0
1520564820,lo,0.00,0.00,0.00,0,0,0.00,0.00,0.00,0,0,0.00,0.00,0,0
1520564820,total,0.00,59.94,59.94,60,0,0.00,1.00,1.00,1,0,0.00,0.00,0,0
1520564821,s1,70.00,140.00,210.00,140,70,1.00,2.00,3.00,2,1,0.00,0.00,0,0
1520564821,eth0,0.00,60.00,60.00,60,0,0.00,1.00,1.00,1,0,0.00,0.00,0,0
1520564821,eth1,0.00,0.00,0.00,0,0,0.00,0.00,0.00,0,0,0.00,0.00,0,0
1520564821,s2,0.00,70.00,70.00,70,0,0.00,1.00,1.00,1,0,0.00,0.00,0,0
1520564821,s1-eth2,140.00,70.00,210.00,70,140,2.00,1.00,3.00,1,2,0.00,0.00,0,0
1520564821,s1-eth1,210.00,70.00,280.00,70,210,3.00,1.00,4.00,1,3,0.00,0.00,0,0
1520564821,s2-eth2,140.00,0.00,140.00,0,140,2.00,0.00,2.00,0,2,0.00,0.00,0,0
1520564821,s2-eth1,70.00,70.00,140.00,70,70,1.00,1.00,2.00,1,1,0.00,0.00,0,0
1520564821,lo,1072.00,1072.00,2144.00,1072,1072,12.00,12.00,24.00,12,12,0.00,0.00,0,0
1520564821,total,1702.00,1552.00,3254.00,1552,1702,21.00,19.00,40.00,19,21,0.00,0.00,0,0
1520564822,s1,0.00,0.00,0.00,0,0,0.00,0.00,0.00,0,0,0.00,0.00,0,0
1520564822,eth0,0.00,60.00,60.00,60,0,0.00,1.00,1.00,1,0,0.00,0.00,0,0
1520564822,eth1,0.00,0.00,0.00,0,0,0.00,0.00,0.00,0,0,0.00,0.00,0,0
1520564822,s2,70.00,70.00,140.00,70,70,1.00,1.00,2.00,1,1,0.00,0.00,0,0
1520564822,s1-eth2,70.00,0.00,70.00,0,70,1.00,0.00,1.00,0,1,0.00,0.00,0,0
1520564822,s1-eth1,0.00,0.00,0.00,0,0,0.00,0.00,0.00,0,0,0.00,0.00,0,0
1520564822,s2-eth2,70.00,70.00,140.00,70,70,1.00,1.00,2.00,1,1,0.00,0.00,0,0
1520564822,s2-eth1,140.00,0.00,140.00,0,140,2.00,0.00,2.00,0,2,0.00,0.00,0,0
1520564822,lo,536.00,536.00,1072.00,536,536,6.00,6.00,12.00,6,6,0.00,0.00,0,0
1520564822,total,886.00,736.00,1622.00,736,886,11.00,9.00,20.00,9,11,0.00,0.00,0,0
1520564823,s1,0.00,0.00,0.00,0,0,0.00,0.00,0.00,0,0,0.00,0.00,0,0
1520564823,eth0,0.00,0.00,0.00,0,0,0.00,0.00,0.00,0,0,0.00,0.00,0,0
1520564823,eth1,0.00,0.00,0.00,0,0,0.00,0.00,0.00,0,0,0.00,0.00,0,0
1520564823,s2,0.00,0.00,0.00,0,0,0.00,0.00,0.00,0,0,0.00,0.00,0,0
1520564823,s1-eth2,342.00,0.00,342.00,0,342,1.00,0.00,1.00,0,1,0.00,0.00,0,0
1520564823,s1-eth1,0.00,0.00,0.00,0,0,0.00,0.00,0.00,0,0,0.00,0.00,0,0
1520564823,s2-eth2,0.00,0.00,0.00,0,0,0.00,0.00,0.00,0,0,0.00,0.00,0,0
1520564823,s2-eth1,342.00,0.00,342.00,0,342,1.00,0.00,1.00,0,1,0.00,0.00,0,0
1520564823,lo,0.00,0.00,0.00,0,0,0.00,0.00,0.00,0,0,0.00,0.00,0,0
1520564823,total,684.00,0.00,684.00,0,684,2.00,0.00,2.00,0,2,0.00,0.00,0,0
1520564824,s1,0.00,0.00,0.00,0,0,0.00,0.00,0.00,0,0,0.00,0.00,0,0
1520564824,eth0,0.00,0.00,0.00,0,0,0.00,0.00,0.00,0,0,0.00,0.00,0,0
1520564824,eth1,0.00,0.00,0.00,0,0,0.00,0.00,0.00,0,0,0.00,0.00,0,0
1520564824,s2,0.00,0.00,0.00,0,0,0.00,0.00,0.00,0,0,0.00,0.00,0,0
1520564824,s1-eth2,0.00,0.00,0.00,0,0,0.00,0.00,0.00,0,0,0.00,0.00,0,0
1520564824,s1-eth1,0.00,0.00,0.00,0,0,0.00,0.00,0.00,0,0,0.00,0.00,0,0
1520564824,s2-eth2,0.00,0.00,0.00,0,0,0.00,0.00,0.00,0,0,0.00,0.00,0,0
1520564824,s2-eth1,0.00,0.00,0.00,0,0,0.00,0.00,0.00,0,0,0.00,0.00,0,0
1520564824,lo,0.00,0.00,0.00,0,0,0.00,0.00,0.00,0,0,0.00,0.00,0,0
1520564824,total,0.00,0.00,0.00,0,0,0.00,0.00,0.00,0,0,0.00,0.00,0,0
1520564825,s1,0.00,0.00,0.00,0,0,0.00,0.00,0.00,0,0,0.00,0.00,0,0
1520564825,eth0,0.00,275.00,275.00,275,0,0.00,2.00,2.00,2,0,0.00,0.00,0,0
1520564825,eth1,0.00,0.00,0.00,0,0,0.00,0.00,0.00,0,0,0.00,0.00,0,0
1520564825,s2,0.00,0.00,0.00,0,0,0.00,0.00,0.00,0,0,0.00,0.00,0,0
1520564825,s1-eth2,0.00,0.00,0.00,0,0,0.00,0.00,0.00,0,0,0.00,0.00,0,0
1520564825,s1-eth1,0.00,0.00,0.00,0,0,0.00,0.00,0.00,0,0,0.00,0.00,0,0
1520564825,s2-eth2,0.00,0.00,0.00,0,0,0.00,0.00,0.00,0,0,0.00,0.00,0,0
1520564825,s2-eth1,0.00,0.00,0.00,0,0,0.00,0.00,0.00,0,0,0.00,0.00,0,0
1520564825,lo,0.00,0.00,0.00,0,0,0.00,0.00,0.00,0,0,0.00,0.00,0,0
1520564825,total,0.00,275.00,275.00,275,0,0.00,2.00,2.00,2,0,0.00,0.00,0,0
1520564826,s1,0.00,0.00,0.00,0,0,0.00,0.00,0.00,0,0,0.00,0.00,0,0
1520564826,eth0,0.00,60.00,60.00,60,0,0.00,1.00,1.00,1,0,0.00,0.00,0,0
1520564826,eth1,0.00,0.00,0.00,0,0,0.00,0.00,0.00,0,0,0.00,0.00,0,0
1520564826,s2,0.00,0.00,0.00,0,0,0.00,0.00,0.00,0,0,0.00,0.00,0,0
1520564826,s1-eth2,0.00,0.00,0.00,0,0,0.00,0.00,0.00,0,0,0.00,0.00,0,0
1520564826,s1-eth1,0.00,0.00,0.00,0,0,0.00,0.00,0.00,0,0,0.00,0.00,0,0
1520564826,s2-eth2,0.00,0.00,0.00,0,0,0.00,0.00,0.00,0,0,0.00,0.00,0,0
1520564826,s2-eth1,0.00,0.00,0.00,0,0,0.00,0.00,0.00,0,0,0.00,0.00,0,0
1520564826,lo,172.00,172.00,344.00,172,172,3.00,3.00,6.00,3,3,0.00,0.00,0,0
1520564826,total,172.00,232.00,404.00,232,172,3.00,4.00,7.00,4,3,0.00,0.00,0,0
1520564827,s1,0.00,0.00,0.00,0,0,0.00,0.00,0.00,0,0,0.00,0.00,0,0
1520564827,eth0,0.00,60.00,60.00,60,0,0.00,1.00,1.00,1,0,0.00,0.00,0,0
1520564827,eth1,0.00,0.00,0.00,0,0,0.00,0.00,0.00,0,0,0.00,0.00,0,0
1520564827,s2,0.00,0.00,0.00,0,0,0.00,0.00,0.00,0,0,0.00,0.00,0,0
1520564827,s1-eth2,0.00,0.00,0.00,0,0,0.00,0.00,0.00,0,0,0.00,0.00,0,0
1520564827,s1-eth1,0.00,0.00,0.00,0,0,0.00,0.00,0.00,0,0,0.00,0.00,0,0
1520564827,s2-eth2,0.00,0.00,0.00,0,0,0.00,0.00,0.00,0,0,0.00,0.00,0,0
1520564827,s2-eth1,0.00,0.00,0.00,0,0,0.00,0.00,0.00,0,0,0.00,0.00,0,0
1520564827,lo,172.00,172.00,344.00,172,172,3.00,3.00,6.00,3,3,0.00,0.00,0,0
1520564827,total,172.00,232.00,404.00,232,172,3.00,4.00,7.00,4,3,0.00,0.00,0,0
1520564828,s1,0.00,0.00,0.00,0,0,0.00,0.00,0.00,0,0,0.00,0.00,0,0
1520564828,eth0,0.00,60.00,60.00,60,0,0.00,1.00,1.00,1,0,0.00,0.00,0,0
1520564828,eth1,0.00,0.00,0.00,0,0,0.00,0.00,0.00,0,0,0.00,0.00,0,0
1520564828,s2,0.00,0.00,0.00,0,0,0.00,0.00,0.00,0,0,0.00,0.00,0,0
1520564828,s1-eth2,0.00,0.00,0.00,0,0,0.00,0.00,0.00,0,0,0.00,0.00,0,0
1520564828,s1-eth1,0.00,0.00,0.00,0,0,0.00,0.00,0.00,0,0,0.00,0.00,0,0
1520564828,s2-eth2,342.00,0.00,342.00,0,342,1.00,0.00,1.00,0,1,0.00,0.00,0,0
1520564828,s2-eth1,0.00,0.00,0.00,0,0,0.00,0.00,0.00,0,0,0.00,0.00,0,0
1520564828,lo,0.00,0.00,0.00,0,0,0.00,0.00,0.00,0,0,0.00,0.00,0,0
1520564828,total,342.00,60.00,402.00,60,342,1.00,1.00,2.00,1,1,0.00,0.00,0,0
1520564829,s1,0.00,0.00,0.00,0,0,0.00,0.00,0.00,0,0,0.00,0.00,0,0
1520564829,eth0,0.00,120.00,120.00,120,0,0.00,2.00,2.00,2,0,0.00,0.00,0,0
1520564829,eth1,0.00,0.00,0.00,0,0,0.00,0.00,0.00,0,0,0.00,0.00,0,0
1520564829,s2,0.00,0.00,0.00,0,0,0.00,0.00,0.00,0,0,0.00,0.00,0,0
1520564829,s1-eth2,0.00,0.00,0.00,0,0,0.00,0.00,0.00,0,0,0.00,0.00,0,0
1520564829,s1-eth1,0.00,0.00,0.00,0,0,0.00,0.00,0.00,0,0,0.00,0.00,0,0
1520564829,s2-eth2,0.00,0.00,0.00,0,0,0.00,0.00,0.00,0,0,0.00,0.00,0,0
1520564829,s2-eth1,0.00,0.00,0.00,0,0,0.00,0.00,0.00,0,0,0.00,0.00,0,0
1520564829,lo,0.00,0.00,0.00,0,0,0.00,0.00,0.00,0,0,0.00,0.00,0,0
1520564829,total,0.00,120.00,120.00,120,0,0.00,2.00,2.00,2,0,0.00,0.00,0,0
1520564830,s1,0.00,0.00,0.00,0,0,0.00,0.00,0.00,0,0,0.00,0.00,0,0
1520564830,eth0,0.00,146.00,146.00,146,0,0.00,2.00,2.00,2,0,0.00,0.00,0,0
1520564830,eth1,0.00,86.00,86.00,86,0,0.00,1.00,1.00,1,0,0.00,0.00,0,0
1520564830,s2,0.00,0.00,0.00,0,0,0.00,0.00,0.00,0,0,0.00,0.00,0,0
1520564830,s1-eth2,0.00,0.00,0.00,0,0,0.00,0.00,0.00,0,0,0.00,0.00,0,0
1520564830,s1-eth1,0.00,0.00,0.00,0,0,0.00,0.00,0.00,0,0,0.00,0.00,0,0
1520564830,s2-eth2,0.00,0.00,0.00,0,0,0.00,0.00,0.00,0,0,0.00,0.00,0,0
1520564830,s2-eth1,0.00,0.00,0.00,0,0,0.00,0.00,0.00,0,0,0.00,0.00,0,0
1520564830,lo,0.00,0.00,0.00,0,0,0.00,0.00,0.00,0,0,0.00,0.00,0,0
1520564830,total,0.00,232.00,232.00,232,0,0.00,3.00,3.00,3,0,0.00,0.00,0,0
1520564831,s1,0.00,0.00,0.00,0,0,0.00,0.00,0.00,0,0,0.00,0.00,0,0
1520564831,eth0,0.00,0.00,0.00,0,0,0.00,0.00,0.00,0,0,0.00,0.00,0,0
1520564831,eth1,0.00,0.00,0.00,0,0,0.00,0.00,0.00,0,0,0.00,0.00,0,0
1520564831,s2,0.00,0.00,0.00,0,0,0.00,0.00,0.00,0,0,0.00,0.00,0,0
1520564831,s1-eth2,0.00,0.00,0.00,0,0,0.00,0.00,0.00,0,0,0.00,0.00,0,0
1520564831,s1-eth1,0.00,0.00,0.00,0,0,0.00,0.00,0.00,0,0,0.00,0.00,0,0
1520564831,s2-eth2,0.00,0.00,0.00,0,0,0.00,0.00,0.00,0,0,0.00,0.00,0,0
1520564831,s2-eth1,0.00,0.00,0.00,0,0,0.00,0.00,0.00,0,0,0.00,0.00,0,0
1520564831,lo,172.00,172.00,344.00,172,172,3.00,3.00,6.00,3,3,0.00,0.00,0,0
1520564831,total,172.00,172.00,344.00,172,172,3.00,3.00,6.00,3,3,0.00,0.00,0,0
1520564832,s1,0.00,0.00,0.00,0,0,0.00,0.00,0.00,0,0,0.00,0.00,0,0
1520564832,eth0,0.00,60.00,60.00,60,0,0.00,1.00,1.00,1,0,0.00,0.00,0,0
1520564832,eth1,0.00,0.00,0.00,0,0,0.00,0.00,0.00,0,0,0.00,0.00,0,0
1520564832,s2,0.00,0.00,0.00,0,0,0.00,0.00,0.00,0,0,0.00,0.00,0,0
1520564832,s1-eth2,0.00,0.00,0.00,0,0,0.00,0.00,0.00,0,0,0.00,0.00,0,0
1520564832,s1-eth1,0.00,0.00,0.00,0,0,0.00,0.00,0.00,0,0,0.00,0.00,0,0
1520564832,s2-eth2,0.00,0.00,0.00,0,0,0.00,0.00,0.00,0,0,0.00,0.00,0,0
1520564832,s2-eth1,0.00,0.00,0.00,0,0,0.00,0.00,0.00,0,0,0.00,0.00,0,0
1520564832,lo,172.00,172.00,344.00,172,172,3.00,3.00,6.00,3,3,0.00,0.00,0,0
1520564832,total,172.00,232.00,404.00,232,172,3.00,4.00,7.00,4,3,0.00,0.00,0,0
1520564833,s1,0.00,42.00,42.00,42,0,0.00,1.00,1.00,1,0,0.00,0.00,0,0
1520564833,eth0,0.00,60.00,60.00,60,0,0.00,1.00,1.00,1,0,0.00,0.00,0,0
1520564833,eth1,0.00,0.00,0.00,0,0,0.00,0.00,0.00,0,0,0.00,0.00,0,0
1520564833,s2,0.00,84.00,84.00,84,0,0.00,2.00,2.00,2,0,0.00,0.00,0,0
1520564833,s1-eth2,11028.00,229524.00,240552.00,229524,11028,140.00,162.00,302.00,162,140,0.00,0.00,0,0
1520564833,s1-eth1,211698.00,11028.00,222726.00,11028,211698,151.00,140.00,291.00,140,151,0.00,0.00,0,0
1520564833,s2-eth2,1834.00,82016.00,83850.00,82016,1834,25.00,58.00,83.00,58,25,0.00,0.00,0,0
1520564833,s2-eth1,45680.00,1834.00,47514.00,1834,45680,34.00,25.00,59.00,25,34,0.00,0.00,0,0
1520564833,lo,4632.00,4632.00,9264.00,4632,4632,40.00,40.00,80.00,40,40,0.00,0.00,0,0
1520564833,total,274872.00,329220.00,604092.00,329220,274872,390.00,429.00,819.00,429,390,0.00,0.00,0,0
1520564834,s1,0.00,42.00,42.00,42,0,0.00,1.00,1.00,1,0,0.00,0.00,0,0
1520564834,eth0,0.00,60.00,60.00,60,0,0.00,1.00,1.00,1,0,0.00,0.00,0,0
1520564834,eth1,0.00,0.00,0.00,0,0,0.00,0.00,0.00,0,0,0.00,0.00,0,0
1520564834,s2,0.00,42.00,42.00,42,0,0.00,1.00,1.00,1,0,0.00,0.00,0,0
1520564834,s1-eth2,12738.00,255908.00,268646.00,255908,12738,163.00,170.00,333.00,170,163,0.00,0.00,0,0
1520564834,s1-eth1,248296.00,12812.00,261108.00,12812,248296,164.00,164.00,328.00,164,164,0.00,0.00,0,0
1520564834,s2-eth2,10564.00,311926.00,322490.00,311926,10564,126.00,207.00,333.00,207,126,0.00,0.00,0,0
1520564834,s2-eth1,248338.00,10564.00,258902.00,10564,248338,165.00,126.00,291.00,126,165,0.00,0.00,0,0
1520564834,lo,480.00,480.00,960.00,480,480,6.00,6.00,12.00,6,6,0.00,0.00,0,0
1520564834,total,520416.00,591834.00,1112250.00,591834,520416,624.00,676.00,1300.00,676,624,0.00,0.00,0,0
1520564835,s1,0.00,42.00,42.00,42,0,0.00,1.00,1.00,1,0,0.00,0.00,0,0
1520564835,eth0,0.00,0.00,0.00,0,0,0.00,0.00,0.00,0,0,0.00,0.00,0,0
1520564835,eth1,0.00,0.00,0.00,0,0,0.00,0.00,0.00,0,0,0.00,0.00,0,0
1520564835,s2,0.00,42.00,42.00,42,0,0.00,1.00,1.00,1,0,0.00,0.00,0,0
1520564835,s1-eth2,12030.00,258936.00,270966.00,258936,12030,159.00,172.00,331.00,172,159,0.00,0.00,0,0
1520564835,s1-eth1,251366.00,11956.00,263322.00,11956,251366,167.00,158.00,325.00,158,167,0.00,0.00,0,0
1520564835,s2-eth2,14238.00,210488.00,224726.00,210488,14238,161.00,140.00,301.00,140,161,0.00,0.00,0,0
1520564835,s2-eth1,251366.00,14238.00,265604.00,14238,251366,167.00,161.00,328.00,161,167,0.00,0.00,0,0
1520564835,lo,480.00,480.00,960.00,480,480,6.00,6.00,12.00,6,6,0.00,0.00,0,0
1520564835,total,529480.00,496182.00,1025662.00,496182,529480,660.00,639.00,1299.00,639,660,0.00,0.00,0,0
1520564836,s1,0.00,42.00,42.00,42,0,0.00,1.00,1.00,1,0,0.00,0.00,0,0
1520564836,eth0,0.00,60.00,60.00,60,0,0.00,1.00,1.00,1,0,0.00,0.00,0,0
1520564836,eth1,0.00,0.00,0.00,0,0,0.00,0.00,0.00,0,0,0.00,0.00,0,0
1520564836,s2,0.00,42.00,42.00,42,0,0.00,1.00,1.00,1,0,0.00,0.00,0,0
1520564836,s1-eth2,12120.00,255908.00,268028.00,255908,12120,158.00,170.00,328.00,170,158,0.00,0.00,0,0
1520564836,s1-eth1,249852.00,12120.00,261972.00,12120,249852,166.00,158.00,324.00,158,166,0.00,0.00,0,0
1520564836,s2-eth2,14008.00,221086.00,235094.00,221086,14008,164.00,147.00,311.00,147,164,0.00,0.00,0,0
1520564836,s2-eth1,250194.00,14008.00,264202.00,14008,250194,167.00,164.00,331.00,164,167,0.00,0.00,0,0
1520564836,lo,480.00,480.00,960.00,480,480,6.00,6.00,12.00,6,6,0.00,0.00,0,0
1520564836,total,526654.00,503746.00,1030400.00,503746,526654,661.00,648.00,1309.00,648,661,0.00,0.00,0,0
1520564837,s1,0.00,42.00,42.00,42,0,0.00,1.00,1.00,1,0,0.00,0.00,0,0
1520564837,eth0,0.00,60.00,60.00,60,0,0.00,1.00,1.00,1,0,0.00,0.00,0,0
1520564837,eth1,0.00,0.00,0.00,0,0,0.00,0.00,0.00,0,0,0.00,0.00,0,0
1520564837,s2,0.00,42.00,42.00,42,0,0.00,1.00,1.00,1,0,0.00,0.00,0,0
1520564837,s1-eth2,12290.00,255908.00,268198.00,255908,12290,159.00,170.00,329.00,170,159,0.00,0.00,0,0
1520564837,s1-eth1,249852.00,12290.00,262142.00,12290,249852,166.00,159.00,325.00,159,166,0.00,0.00,0,0
1520564837,s2-eth2,9258.00,172638.00,181896.00,172638,9258,113.00,115.00,228.00,115,113,0.00,0.00,0,0
1520564837,s2-eth1,175666.00,9258.00,184924.00,9258,175666,117.00,113.00,230.00,113,117,0.00,0.00,0,0
1520564837,lo,480.00,480.00,960.00,480,480,6.00,6.00,12.00,6,6,0.00,0.00,0,0
1520564837,total,447546.00,450718.00,898264.00,450718,447546,561.00,566.00,1127.00,566,561,0.00,0.00,0,0
1520564838,s1,0.00,42.00,42.00,42,0,0.00,1.00,1.00,1,0,0.00,0.00,0,0
1520564838,eth0,0.00,60.00,60.00,60,0,0.00,1.00,1.00,1,0,0.00,0.00,0,0
1520564838,eth1,0.00,0.00,0.00,0,0,0.00,0.00,0.00,0,0,0.00,0.00,0,0
1520564838,s2,0.00,42.00,42.00,42,0,0.00,1.00,1.00,1,0,0.00,0.00,0,0
1520564838,s1-eth2,12592.00,257422.00,270014.00,257422,12592,162.00,171.00,333.00,171,162,0.00,0.00,0,0
1520564838,s1-eth1,249852.00,12250.00,262102.00,12250,249852,166.00,161.00,327.00,161,166,0.00,0.00,0,0
1520564838,s2-eth2,5692.00,143872.00,149564.00,143872,5692,74.00,96.00,170.00,96,74,0.00,0.00,0,0
1520564838,s2-eth1,136302.00,5692.00,141994.00,5692,136302,91.00,74.00,165.00,74,91,0.00,0.00,0,0
1520564838,lo,480.00,480.00,960.00,480,480,6.00,6.00,12.00,6,6,0.00,0.00,0,0
1520564838,total,404918.00,419860.00,824778.00,419860,404918,499.00,511.00,1010.00,511,499,0.00,0.00,0,0
1520564839,s1,0.00,0.00,0.00,0,0,0.00,0.00,0.00,0,0,0.00,0.00,0,0
1520564839,eth0,0.00,60.00,60.00,60,0,0.00,1.00,1.00,1,0,0.00,0.00,0,0
1520564839,eth1,0.00,0.00,0.00,0,0,0.00,0.00,0.00,0,0,0.00,0.00,0,0
1520564839,s2,0.00,0.00,0.00,0,0,0.00,0.00,0.00,0,0,0.00,0.00,0,0
1520564839,s1-eth2,12100.00,255866.00,267966.00,255866,12100,158.00,169.00,327.00,169,158,0.00,0.00,0,0
1520564839,s1-eth1,249810.00,12100.00,261910.00,12100,249810,165.00,158.00,323.00,158,165,0.00,0.00,0,0
1520564839,s2-eth2,5610.00,125662.00,131272.00,125662,5610,69.00,83.00,152.00,83,69,0.00,0.00,0,0
1520564839,s2-eth1,128690.00,5610.00,134300.00,5610,128690,85.00,69.00,154.00,69,85,0.00,0.00,0,0
1520564839,lo,0.00,0.00,0.00,0,0,0.00,0.00,0.00,0,0,0.00,0.00,0,0
1520564839,total,396210.00,399298.00,795508.00,399298,396210,477.00,480.00,957.00,480,477,0.00,0.00,0,0
1520564840,s1,0.00,0.00,0.00,0,0,0.00,0.00,0.00,0,0,0.00,0.00,0,0
1520564840,eth0,0.00,1260.00,1260.00,1260,0,0.00,21.00,21.00,21,0,0.00,0.00,0,0
1520564840,eth1,0.00,0.00,0.00,0,0,0.00,0.00,0.00,0,0,0.00,0.00,0,0
1520564840,s2,0.00,0.00,0.00,0,0,0.00,0.00,0.00,0,0,0.00,0.00,0,0
1520564840,s1-eth2,12250.00,255866.00,268116.00,255866,12250,159.00,169.00,328.00,169,159,0.00,0.00,0,0
1520564840,s1-eth1,249810.00,12324.00,262134.00,12324,249810,165.00,160.00,325.00,160,165,0.00,0.00,0,0
1520564840,s2-eth2,4494.00,96896.00,101390.00,96896,4494,57.00,64.00,121.00,64,57,0.00,0.00,0,0
1520564840,s2-eth1,95382.00,4494.00,99876.00,4494,95382,63.00,57.00,120.00,57,63,0.00,0.00,0,0
1520564840,lo,0.00,0.00,0.00,0,0,0.00,0.00,0.00,0,0,0.00,0.00,0,0
1520564840,total,361936.00,370840.00,732776.00,370840,361936,444.00,471.00,915.00,471,444,0.00,0.00,0,0
1520564841,s1,0.00,0.00,0.00,0,0,0.00,0.00,0.00,0,0,0.00,0.00,0,0
1520564841,eth0,344.00,2144.00,2488.00,2144,344,4.00,34.00,38.00,34,4,0.00,0.00,0,0
1520564841,eth1,0.00,0.00,0.00,0,0,0.00,0.00,0.00,0,0,0.00,0.00,0,0
1520564841,s2,0.00,0.00,0.00,0,0,0.00,0.00,0.00,0,0,0.00,0.00,0,0
1520564841,s1-eth2,12228.00,257380.00,269608.00,257380,12228,162.00,170.00,332.00,170,162,0.00,0.00,0,0
1520564841,s1-eth1,251324.00,12154.00,263478.00,12154,251324,166.00,161.00,327.00,161,166,0.00,0.00,0,0
1520564841,s2-eth2,4160.00,77214.00,81374.00,77214,4160,50.00,51.00,101.00,51,50,0.00,0.00,0,0
1520564841,s2-eth1,72672.00,3818.00,76490.00,3818,72672,48.00,49.00,97.00,49,48,0.00,0.00,0,0
1520564841,lo,0.00,0.00,0.00,0,0,0.00,0.00,0.00,0,0,0.00,0.00,0,0
1520564841,total,340728.00,352710.00,693438.00,352710,340728,430.00,465.00,895.00,465,430,0.00,0.00,0,0
1520564842,s1,0.00,0.00,0.00,0,0,0.00,0.00,0.00,0,0,0.00,0.00,0,0
1520564842,eth0,0.00,3000.00,3000.00,3000,0,0.00,50.00,50.00,50,0,0.00,0.00,0,0
1520564842,eth1,0.00,0.00,0.00,0,0,0.00,0.00,0.00,0,0,0.00,0.00,0,0
1520564842,s2,0.00,0.00,0.00,0,0,0.00,0.00,0.00,0,0,0.00,0.00,0,0
1520564842,s1-eth2,12470.00,255866.00,268336.00,255866,12470,161.00,169.00,330.00,169,161,0.00,0.00,0,0
1520564842,s1-eth1,249810.00,12470.00,262280.00,12470,249810,165.00,161.00,326.00,161,165,0.00,0.00,0,0
1520564842,s2-eth2,3008.00,65102.00,68110.00,65102,3008,40.00,43.00,83.00,43,40,0.00,0.00,0,0
1520564842,s2-eth1,68130.00,3008.00,71138.00,3008,68130,45.00,40.00,85.00,40,45,0.00,0.00,0,0
1520564842,lo,344.00,344.00,688.00,344,344,6.00,6.00,12.00,6,6,0.00,0.00,0,0
1520564842,total,333762.00,339790.00,673552.00,339790,333762,417.00,469.00,886.00,469,417,0.00,0.00,0,0
1520564843,s1,0.00,0.00,0.00,0,0,0.00,0.00,0.00,0,0,0.00,0.00,0,0
1520564843,eth0,60.00,3060.00,3120.00,3060,60,1.00,51.00,52.00,51,1,0.00,0.00,0,0
1520564843,eth1,0.00,0.00,0.00,0,0,0.00,0.00,0.00,0,0,0.00,0.00,0,0
1520564843,s2,0.00,0.00,0.00,0,0,0.00,0.00,0.00,0,0,0.00,0.00,0,0
1520564843,s1-eth2,12350.00,255866.00,268216.00,255866,12350,163.00,169.00,332.00,169,163,0.00,0.00,0,0
1520564843,s1-eth1,249810.00,12350.00,262160.00,12350,249810,165.00,163.00,328.00,163,165,0.00,0.00,0,0
1520564843,s2-eth2,3076.00,93910.00,96986.00,93910,3076,42.00,63.00,105.00,63,42,0.00,0.00,0,0
1520564843,s2-eth1,86340.00,3076.00,89416.00,3076,86340,58.00,42.00,100.00,42,58,0.00,0.00,0,0
1520564843,lo,592.00,592.00,1184.00,592,592,6.00,6.00,12.00,6,6,0.00,0.00,0,0
1520564843,total,352228.00,368854.00,721082.00,368854,352228,435.00,494.00,929.00,494,435,0.00,0.00,0,0
1520564844,s1,0.00,0.00,0.00,0,0,0.00,0.00,0.00,0,0,0.00,0.00,0,0
1520564844,eth0,0.00,960.00,960.00,960,0,0.00,16.00,16.00,16,0,0.00,0.00,0,0
1520564844,eth1,0.00,0.00,0.00,0,0,0.00,0.00,0.00,0,0,0.00,0.00,0,0
1520564844,s2,0.00,0.00,0.00,0,0,0.00,0.00,0.00,0,0,0.00,0.00,0,0
1520564844,s1-eth2,12270.00,257380.00,269650.00,257380,12270,159.00,170.00,329.00,170,159,0.00,0.00,0,0
1520564844,s1-eth1,249810.00,12270.00,262080.00,12270,249810,165.00,159.00,324.00,159,165,0.00,0.00,0,0
1520564844,s2-eth2,3978.00,87812.00,91790.00,87812,3978,51.00,58.00,109.00,58,51,0.00,0.00,0,0
1520564844,s2-eth1,84784.00,4052.00,88836.00,4052,84784,56.00,52.00,108.00,52,56,0.00,0.00,0,0
1520564844,lo,0.00,0.00,0.00,0,0,0.00,0.00,0.00,0,0,0.00,0.00,0,0
1520564844,total,350842.00,362474.00,713316.00,362474,350842,431.00,455.00,886.00,455,431,0.00,0.00,0,0
1520564845,s1,0.00,0.00,0.00,0,0,0.00,0.00,0.00,0,0,0.00,0.00,0,0
1520564845,eth0,0.00,2160.00,2160.00,2160,0,0.00,36.00,36.00,36,0,0.00,0.00,0,0
1520564845,eth1,0.00,0.00,0.00,0,0,0.00,0.00,0.00,0,0,0.00,0.00,0,0
1520564845,s2,0.00,0.00,0.00,0,0,0.00,0.00,0.00,0,0,0.00,0.00,0,0
1520564845,s1-eth2,12550.00,258894.00,271444.00,258894,12550,161.00,171.00,332.00,171,161,0.00,0.00,0,0
1520564845,s1-eth1,249810.00,12550.00,262360.00,12550,249810,165.00,161.00,326.00,161,165,0.00,0.00,0,0
1520564845,s2-eth2,4426.00,89326.00,93752.00,89326,4426,57.00,59.00,116.00,59,57,0.00,0.00,0,0
1520564845,s2-eth1,93868.00,4352.00,98220.00,4352,93868,62.00,56.00,118.00,56,62,0.00,0.00,0,0
1520564845,lo,0.00,0.00,0.00,0,0,0.00,0.00,0.00,0,0,0.00,0.00,0,0
1520564845,total,360654.00,367282.00,727936.00,367282,360654,445.00,483.00,928.00,483,445,0.00,0.00,0,0
1520564846,s1,0.00,0.00,0.00,0,0,0.00,0.00,0.00,0,0,0.00,0.00,0,0
1520564846,eth0,86.00,3078.00,3164.00,3078,86,1.00,51.00,52.00,51,1,0.00,0.00,0,0
1520564846,eth1,0.00,0.00,0.00,0,0,0.00,0.00,0.00,0,0,0.00,0.00,0,0
1520564846,s2,0.00,0.00,0.00,0,0,0.00,0.00,0.00,0,0,0.00,0.00,0,0
1520564846,s1-eth2,12280.00,263436.00,275716.00,263436,12280,162.00,174.00,336.00,174,162,0.00,0.00,0,0
1520564846,s1-eth1,249810.00,12354.00,262164.00,12354,249810,165.00,163.00,328.00,163,165,0.00,0.00,0,0
1520564846,s2-eth2,4410.00,95382.00,99792.00,95382,4410,57.00,63.00,120.00,63,57,0.00,0.00,0,0
1520564846,s2-eth1,86298.00,4410.00,90708.00,4410,86298,57.00,57.00,114.00,57,57,0.00,0.00,0,0
1520564846,lo,0.00,0.00,0.00,0,0,0.00,0.00,0.00,0,0,0.00,0.00,0,0
1520564846,total,352884.00,378660.00,731544.00,378660,352884,442.00,508.00,950.00,508,442,0.00,0.00,0,0
1520564847,s1,0.00,0.00,0.00,0,0,0.00,0.00,0.00,0,0,0.00,0.00,0,0
1520564847,eth0,0.00,240.00,240.00,240,0,0.00,4.00,4.00,4,0,0.00,0.00,0,0
1520564847,eth1,0.00,0.00,0.00,0,0,0.00,0.00,0.00,0,0,0.00,0.00,0,0
1520564847,s2,0.00,0.00,0.00,0,0,0.00,0.00,0.00,0,0,0.00,0.00,0,0
1520564847,s1-eth2,12460.00,254352.00,266812.00,254352,12460,164.00,168.00,332.00,168,164,0.00,0.00,0,0
1520564847,s1-eth1,251324.00,12386.00,263710.00,12386,251324,166.00,163.00,329.00,163,166,0.00,0.00,0,0
1520564847,s2-eth2,4274.00,83270.00,87544.00,83270,4274,55.00,55.00,110.00,55,55,0.00,0.00,0,0
1520564847,s2-eth1,86298.00,4274.00,90572.00,4274,86298,57.00,55.00,112.00,55,57,0.00,0.00,0,0
1520564847,lo,344.00,344.00,688.00,344,344,6.00,6.00,12.00,6,6,0.00,0.00,0,0
1520564847,total,354700.00,354866.00,709566.00,354866,354700,448.00,451.00,899.00,451,448,0.00,0.00,0,0
1520564848,s1,0.00,0.00,0.00,0,0,0.00,0.00,0.00,0,0,0.00,0.00,0,0
1520564848,eth0,0.00,60.00,60.00,60,0,0.00,1.00,1.00,1,0,0.00,0.00,0,0
1520564848,eth1,0.00,0.00,0.00,0,0,0.00,0.00,0.00,0,0,0.00,0.00,0,0
1520564848,s2,0.00,0.00,0.00,0,0,0.00,0.00,0.00,0,0,0.00,0.00,0,0
1520564848,s1-eth2,12100.00,255866.00,267966.00,255866,12100,158.00,169.00,327.00,169,158,0.00,0.00,0,0
1520564848,s1-eth1,249810.00,12100.00,261910.00,12100,249810,165.00,158.00,323.00,158,165,0.00,0.00,0,0
1520564848,s2-eth2,3114.00,69644.00,72758.00,69644,3114,39.00,46.00,85.00,46,39,0.00,0.00,0,0
1520564848,s2-eth1,63588.00,3114.00,66702.00,3114,63588,42.00,39.00,81.00,39,42,0.00,0.00,0,0
1520564848,lo,0.00,0.00,0.00,0,0,0.00,0.00,0.00,0,0,0.00,0.00,0,0
1520564848,total,328612.00,340784.00,669396.00,340784,328612,404.00,413.00,817.00,413,404,0.00,0.00,0,0
1520564849,s1,0.00,0.00,0.00,0,0,0.00,0.00,0.00,0,0,0.00,0.00,0,0
1520564849,eth0,0.00,60.00,60.00,60,0,0.00,1.00,1.00,1,0,0.00,0.00,0,0
1520564849,eth1,0.00,0.00,0.00,0,0,0.00,0.00,0.00,0,0,0.00,0.00,0,0
1520564849,s2,0.00,0.00,0.00,0,0,0.00,0.00,0.00,0,0,0.00,0.00,0,0
1520564849,s1-eth2,12306.00,257380.00,269686.00,257380,12306,159.00,170.00,329.00,170,159,0.00,0.00,0,0
1520564849,s1-eth1,250152.00,12306.00,262458.00,12306,250152,166.00,159.00,325.00,159,166,0.00,0.00,0,0
1520564849,s2-eth2,2426.00,49962.00,52388.00,49962,2426,31.00,33.00,64.00,33,31,0.00,0.00,0,0
1520564849,s2-eth1,54846.00,2426.00,57272.00,2426,54846,37.00,31.00,68.00,31,37,0.00,0.00,0,0
1520564849,lo,0.00,0.00,0.00,0,0,0.00,0.00,0.00,0,0,0.00,0.00,0,0
1520564849,total,319730.00,322134.00,641864.00,322134,319730,393.00,394.00,787.00,394,393,0.00,0.00,0,0
1520564850,s1,0.00,0.00,0.00,0,0,0.00,0.00,0.00,0,0,0.00,0.00,0,0
1520564850,eth0,0.00,60.00,60.00,60,0,0.00,1.00,1.00,1,0,0.00,0.00,0,0
1520564850,eth1,0.00,0.00,0.00,0,0,0.00,0.00,0.00,0,0,0.00,0.00,0,0
1520564850,s2,0.00,0.00,0.00,0,0,0.00,0.00,0.00,0,0,0.00,0.00,0,0
1520564850,s1-eth2,12074.00,249810.00,261884.00,249810,12074,157.00,165.00,322.00,165,157,0.00,0.00,0,0
1520564850,s1-eth1,243754.00,12074.00,255828.00,12074,243754,161.00,157.00,318.00,157,161,0.00,0.00,0,0
1520564850,s2-eth2,2266.00,45420.00,47686.00,45420,2266,29.00,30.00,59.00,30,29,0.00,0.00,0,0
1520564850,s2-eth1,36336.00,2266.00,38602.00,2266,36336,24.00,29.00,53.00,29,24,0.00,0.00,0,0
1520564850,lo,0.00,0.00,0.00,0,0,0.00,0.00,0.00,0,0,0.00,0.00,0,0
1520564850,total,294430.00,309630.00,604060.00,309630,294430,371.00,382.00,753.00,382,371,0.00,0.00,0,0
1520564851,s1,0.00,0.00,0.00,0,0,0.00,0.00,0.00,0,0,0.00,0.00,0,0
1520564851,eth0,0.00,60.00,60.00,60,0,0.00,1.00,1.00,1,0,0.00,0.00,0,0
1520564851,eth1,0.00,0.00,0.00,0,0,0.00,0.00,0.00,0,0,0.00,0.00,0,0
1520564851,s2,0.00,0.00,0.00,0,0,0.00,0.00,0.00,0,0,0.00,0.00,0,0
1520564851,s1-eth2,11526.00,261922.00,273448.00,261922,11526,153.00,173.00,326.00,173,153,0.00,0.00,0,0
1520564851,s1-eth1,249810.00,11600.00,261410.00,11600,249810,165.00,154.00,319.00,154,165,0.00,0.00,0,0
1520564851,s2-eth2,1774.00,36336.00,38110.00,36336,1774,23.00,24.00,47.00,24,23,0.00,0.00,0,0
1520564851,s2-eth1,42392.00,1774.00,44166.00,1774,42392,28.00,23.00,51.00,23,28,0.00,0.00,0,0
1520564851,lo,0.00,0.00,0.00,0,0,0.00,0.00,0.00,0,0,0.00,0.00,0,0
1520564851,total,305502.00,311692.00,617194.00,311692,305502,369.00,375.00,744.00,375,369,0.00,0.00,0,0
1520564852,s1,0.00,0.00,0.00,0,0,0.00,0.00,0.00,0,0,0.00,0.00,0,0
1520564852,eth0,0.00,60.00,60.00,60,0,0.00,1.00,1.00,1,0,0.00,0.00,0,0
1520564852,eth1,0.00,0.00,0.00,0,0,0.00,0.00,0.00,0,0,0.00,0.00,0,0
1520564852,s2,0.00,0.00,0.00,0,0,0.00,0.00,0.00,0,0,0.00,0.00,0,0
1520564852,s1-eth2,12038.00,251324.00,263362.00,251324,12038,157.00,166.00,323.00,166,157,0.00,0.00,0,0
1520564852,s1-eth1,251324.00,11964.00,263288.00,11964,251324,166.00,156.00,322.00,156,166,0.00,0.00,0,0
1520564852,s2-eth2,2516.00,63588.00,66104.00,63588,2516,34.00,42.00,76.00,42,34,0.00,0.00,0,0
1520564852,s2-eth1,54504.00,2516.00,57020.00,2516,54504,36.00,34.00,70.00,34,36,0.00,0.00,0,0
1520564852,lo,344.00,344.00,688.00,344,344,6.00,6.00,12.00,6,6,0.00,0.00,0,0
1520564852,total,320726.00,329796.00,650522.00,329796,320726,399.00,405.00,804.00,405,399,0.00,0.00,0,0
1520564853,s1,0.00,0.00,0.00,0,0,0.00,0.00,0.00,0,0,0.00,0.00,0,0
1520564853,eth0,0.00,60.00,60.00,60,0,0.00,1.00,1.00,1,0,0.00,0.00,0,0
1520564853,eth1,0.00,0.00,0.00,0,0,0.00,0.00,0.00,0,0,0.00,0.00,0,0
1520564853,s2,0.00,0.00,0.00,0,0,0.00,0.00,0.00,0,0,0.00,0.00,0,0
1520564853,s1-eth2,12136.00,260408.00,272544.00,260408,12136,160.00,172.00,332.00,172,160,0.00,0.00,0,0
1520564853,s1-eth1,249810.00,12136.00,261946.00,12136,249810,165.00,160.00,325.00,160,165,0.00,0.00,0,0
1520564853,s2-eth2,2920.00,75700.00,78620.00,75700,2920,38.00,50.00,88.00,50,38,0.00,0.00,0,0
1520564853,s2-eth1,81756.00,2920.00,84676.00,2920,81756,54.00,38.00,92.00,38,54,0.00,0.00,0,0
1520564853,lo,0.00,0.00,0.00,0,0,0.00,0.00,0.00,0,0,0.00,0.00,0,0
1520564853,total,346622.00,351224.00,697846.00,351224,346622,417.00,421.00,838.00,421,417,0.00,0.00,0,0
1520564854,s1,0.00,0.00,0.00,0,0,0.00,0.00,0.00,0,0,0.00,0.00,0,0
1520564854,eth0,0.00,0.00,0.00,0,0,0.00,0.00,0.00,0,0,0.00,0.00,0,0
1520564854,eth1,0.00,0.00,0.00,0,0,0.00,0.00,0.00,0,0,0.00,0.00,0,0
1520564854,s2,0.00,0.00,0.00,0,0,0.00,0.00,0.00,0,0,0.00,0.00,0,0
1520564854,s1-eth2,12724.00,257380.00,270104.00,257380,12724,162.00,170.00,332.00,170,162,0.00,0.00,0,0
1520564854,s1-eth1,249810.00,12724.00,262534.00,12724,249810,165.00,162.00,327.00,162,165,0.00,0.00,0,0
1520564854,s2-eth2,4020.00,99924.00,103944.00,99924,4020,54.00,66.00,120.00,66,54,0.00,0.00,0,0
1520564854,s2-eth1,89326.00,4020.00,93346.00,4020,89326,59.00,54.00,113.00,54,59,0.00,0.00,0,0
1520564854,lo,0.00,0.00,0.00,0,0,0.00,0.00,0.00,0,0,0.00,0.00,0,0
1520564854,total,355880.00,374048.00,729928.00,374048,355880,440.00,452.00,892.00,452,440,0.00,0.00,0,0
1520564855,s1,0.00,0.00,0.00,0,0,0.00,0.00,0.00,0,0,0.00,0.00,0,0
1520564855,eth0,0.00,239.76,239.76,240,0,0.00,4.00,4.00,4,0,0.00,0.00,0,0
1520564855,eth1,0.00,0.00,0.00,0,0,0.00,0.00,0.00,0,0,0.00,0.00,0,0
1520564855,s2,0.00,0.00,0.00,0,0,0.00,0.00,0.00,0,0,0.00,0.00,0,0
1520564855,s1-eth2,12177.65,258377.25,270554.91,258894,12202,156.69,170.66,327.35,171,157,0.00,0.00,0,0
1520564855,s1-eth1,249311.39,11836.33,261147.72,11860,249810,164.67,155.69,320.36,156,165,0.00,0.00,0,0
1520564855,s2-eth2,2880.24,104257.48,107137.73,104466,2886,38.92,68.86,107.78,69,39,0.00,0.00,0,0
1520564855,s2-eth1,110411.59,2883.12,113294.71,2886,110522,72.93,38.96,111.89,39,73,0.00,0.00,0,0
1520564855,lo,0.00,0.00,0.00,0,0,0.00,0.00,0.00,0,0,0.00,0.00,0,0
1520564855,total,375044.97,377968.03,753013.00,378346,375420,433.57,438.56,872.13,439,434,0.00,0.00,0,0
1520564856,s1,0.00,0.00,0.00,0,0,0.00,0.00,0.00,0,0,0.00,0.00,0,0
1520564856,eth0,0.00,60.00,60.00,60,0,0.00,1.00,1.00,1,0,0.00,0.00,0,0
1520564856,eth1,0.00,0.00,0.00,0,0,0.00,0.00,0.00,0,0,0.00,0.00,0,0
1520564856,s2,0.00,0.00,0.00,0,0,0.00,0.00,0.00,0,0,0.00,0.00,0,0
1520564856,s1-eth2,12602.00,252838.00,265440.00,252838,12602,163.00,167.00,330.00,167,163,0.00,0.00,0,0
1520564856,s1-eth1,251324.00,12602.00,263926.00,12602,251324,166.00,163.00,329.00,163,166,0.00,0.00,0,0
1520564856,s2-eth2,4366.00,128690.00,133056.00,128690,4366,59.00,85.00,144.00,85,59,0.00,0.00,0,0
1520564856,s2-eth1,122634.00,4440.00,127074.00,4440,122634,81.00,60.00,141.00,60,81,0.00,0.00,0,0
1520564856,lo,0.00,0.00,0.00,0,0,0.00,0.00,0.00,0,0,0.00,0.00,0,0
1520564856,total,390926.00,398630.00,789556.00,398630,390926,469.00,476.00,945.00,476,469,0.00,0.00,0,0
1520564857,s1,0.00,0.00,0.00,0,0,0.00,0.00,0.00,0,0,0.00,0.00,0,0
1520564857,eth0,0.00,60.00,60.00,60,0,0.00,1.00,1.00,1,0,0.00,0.00,0,0
1520564857,eth1,0.00,0.00,0.00,0,0,0.00,0.00,0.00,0,0,0.00,0.00,0,0
1520564857,s2,0.00,0.00,0.00,0,0,0.00,0.00,0.00,0,0,0.00,0.00,0,0
1520564857,s1-eth2,12080.00,263436.00,275516.00,263436,12080,160.00,174.00,334.00,174,160,0.00,0.00,0,0
1520564857,s1-eth1,249810.00,12080.00,261890.00,12080,249810,165.00,160.00,325.00,160,165,0.00,0.00,0,0
1520564857,s2-eth2,4780.00,127176.00,131956.00,127176,4780,62.00,84.00,146.00,84,62,0.00,0.00,0,0
1520564857,s2-eth1,127176.00,4706.00,131882.00,4706,127176,84.00,61.00,145.00,61,84,0.00,0.00,0,0
1520564857,lo,344.00,344.00,688.00,344,344,6.00,6.00,12.00,6,6,0.00,0.00,0,0
1520564857,total,394190.00,407802.00,801992.00,407802,394190,477.00,486.00,963.00,486,477,0.00,0.00,0,0
1520564858,s1,0.00,0.00,0.00,0,0,0.00,0.00,0.00,0,0,0.00,0.00,0,0
1520564858,eth0,0.00,0.00,0.00,0,0,0.00,0.00,0.00,0,0,0.00,0.00,0,0
1520564858,eth1,0.00,0.00,0.00,0,0,0.00,0.00,0.00,0,0,0.00,0.00,0,0
1520564858,s2,0.00,0.00,0.00,0,0,0.00,0.00,0.00,0,0,0.00,0.00,0,0
1520564858,s1-eth2,12286.00,258894.00,271180.00,258894,12286,161.00,171.00,332.00,171,161,0.00,0.00,0,0
1520564858,s1-eth1,249810.00,12286.00,262096.00,12286,249810,165.00,161.00,326.00,161,165,0.00,0.00,0,0
1520564858,s2-eth2,4292.00,143830.00,148122.00,143830,4292,58.00,95.00,153.00,95,58,0.00,0.00,0,0
1520564858,s2-eth1,145344.00,4366.00,149710.00,4366,145344,96.00,59.00,155.00,59,96,0.00,0.00,0,0
1520564858,lo,0.00,0.00,0.00,0,0,0.00,0.00,0.00,0,0,0.00,0.00,0,0
1520564858,total,411732.00,419376.00,831108.00,419376,411732,480.00,486.00,966.00,486,480,0.00,0.00,0,0
1520564859,s1,0.00,0.00,0.00,0,0,0.00,0.00,0.00,0,0,0.00,0.00,0,0
1520564859,eth0,0.00,59.94,59.94,60,0,0.00,1.00,1.00,1,0,0.00,0.00,0,0
1520564859,eth1,0.00,0.00,0.00,0,0,0.00,0.00,0.00,0,0,0.00,0.00,0,0
1520564859,s2,0.00,0.00,0.00,0,0,0.00,0.00,0.00,0,0,0.00,0.00,0,0
1520564859,s1-eth2,12753.25,246535.47,259288.72,246782,12766,162.84,162.84,325.67,163,163,0.00,0.00,0,0
1520564859,s1-eth1,249560.45,12827.17,262387.62,12840,249810,164.84,163.84,328.67,164,165,0.00,0.00,0,0
1520564859,s2-eth2,5758.24,124023.98,129782.22,124148,5764,73.93,81.92,155.84,82,74,0.00,0.00,0,0
1520564859,s2-eth1,124023.98,5684.32,129708.30,5690,124148,81.92,72.93,154.85,73,82,0.00,0.00,0,0
1520564859,lo,0.00,0.00,0.00,0,0,0.00,0.00,0.00,0,0,0.00,0.00,0,0
1520564859,total,392095.91,389130.88,781226.81,389520,392488,483.52,482.52,966.03,483,484,0.00,0.00,0,0
1520564860,s1,0.00,0.00,0.00,0,0,0.00,0.00,0.00,0,0,0.00,0.00,0,0
1520564860,eth0,652.00,1109.00,1761.00,1109,652,7.00,9.00,16.00,9,7,0.00,0.00,0,0
1520564860,eth1,0.00,86.00,86.00,86,0,0.00,1.00,1.00,1,0,0.00,0.00,0,0
1520564860,s2,0.00,0.00,0.00,0,0,0.00,0.00,0.00,0,0,0.00,0.00,0,0
1520564860,s1-eth2,12990.00,264950.00,277940.00,264950,12990,163.00,175.00,338.00,175,163,0.00,0.00,0,0
1520564860,s1-eth1,250410.00,12316.00,262726.00,12316,250410,169.00,158.00,327.00,158,169,0.00,0.00,0,0
1520564860,s2-eth2,4670.00,80242.00,84912.00,80242,4670,55.00,53.00,108.00,53,55,0.00,0.00,0,0
1520564860,s2-eth1,76210.00,4148.00,80358.00,4148,76210,53.00,52.00,105.00,52,53,0.00,0.00,0,0
1520564860,lo,1023.00,1023.00,2046.00,1023,1023,12.00,12.00,24.00,12,12,0.00,0.00,0,0
1520564860,total,345955.00,363874.00,709829.00,363874,345955,459.00,460.00,919.00,460,459,0.00,0.00,0,0
1520564861,s1,0.00,0.00,0.00,0,0,0.00,0.00,0.00,0,0,0.00,0.00,0,0
1520564861,eth0,768.00,1200.00,1968.00,1200,768,8.00,9.00,17.00,9,8,0.00,0.00,0,0
1520564861,eth1,0.00,0.00,0.00,0,0,0.00,0.00,0.00,0,0,0.00,0.00,0,0
1520564861,s2,0.00,0.00,0.00,0,0,0.00,0.00,0.00,0,0,0.00,0.00,0,0
1520564861,s1-eth2,12528.00,258894.00,271422.00,258894,12528,162.00,171.00,333.00,171,162,0.00,0.00,0,0
1520564861,s1-eth1,250060.00,12278.00,262338.00,12278,250060,168.00,159.00,327.00,159,168,0.00,0.00,0,0
1520564861,s2-eth2,2150.00,63588.00,65738.00,63588,2150,29.00,42.00,71.00,42,29,0.00,0.00,0,0
1520564861,s2-eth1,66866.00,2072.00,68938.00,2072,66866,47.00,28.00,75.00,28,47,0.00,0.00,0,0
1520564861,lo,1364.00,1364.00,2728.00,1364,1364,16.00,16.00,32.00,16,16,0.00,0.00,0,0
1520564861,total,333736.00,339396.00,673132.00,339396,333736,430.00,425.00,855.00,425,430,0.00,0.00,0,0
1520564862,s1,0.00,0.00,0.00,0,0,0.00,0.00,0.00,0,0,0.00,0.00,0,0
1520564862,eth0,192.00,345.00,537.00,345,192,2.00,3.00,5.00,3,2,0.00,0.00,0,0
1520564862,eth1,0.00,0.00,0.00,0,0,0.00,0.00,0.00,0,0,0.00,0.00,0,0
1520564862,s2,0.00,0.00,0.00,0,0,0.00,0.00,0.00,0,0,0.00,0.00,0,0
1520564862,s1-eth2,12460.00,257380.00,269840.00,257380,12460,162.00,170.00,332.00,170,162,0.00,0.00,0,0
1520564862,s1-eth1,249810.00,12534.00,262344.00,12534,249810,165.00,163.00,328.00,163,165,0.00,0.00,0,0
1520564862,s2-eth2,3552.00,78728.00,82280.00,78728,3552,46.00,52.00,98.00,52,46,0.00,0.00,0,0
1520564862,s2-eth1,77304.00,3302.00,80606.00,3302,77304,52.00,43.00,95.00,43,52,0.00,0.00,0,0
1520564862,lo,685.00,685.00,1370.00,685,685,10.00,10.00,20.00,10,10,0.00,0.00,0,0
1520564862,total,344003.00,352974.00,696977.00,352974,344003,437.00,441.00,878.00,441,437,0.00,0.00,0,0
1520564863,s1,0.00,0.00,0.00,0,0,0.00,0.00,0.00,0,0,0.00,0.00,0,0
1520564863,eth0,192.00,345.00,537.00,345,192,2.00,3.00,5.00,3,2,0.00,0.00,0,0
1520564863,eth1,0.00,0.00,0.00,0,0,0.00,0.00,0.00,0,0,0.00,0.00,0,0
1520564863,s2,0.00,0.00,0.00,0,0,0.00,0.00,0.00,0,0,0.00,0.00,0,0
1520564863,s1-eth2,12678.00,257380.00,270058.00,257380,12678,163.00,170.00,333.00,170,163,0.00,0.00,0,0
1520564863,s1-eth1,250152.00,12262.00,262414.00,12262,250152,166.00,161.00,327.00,161,166,0.00,0.00,0,0
1520564863,s2-eth2,3186.00,75700.00,78886.00,75700,3186,37.00,50.00,87.00,50,37,0.00,0.00,0,0
1520564863,s2-eth1,69986.00,2844.00,72830.00,2844,69986,47.00,36.00,83.00,36,47,0.00,0.00,0,0
1520564863,lo,341.00,341.00,682.00,341,341,4.00,4.00,8.00,4,4,0.00,0.00,0,0
1520564863,total,336535.00,348872.00,685407.00,348872,336535,419.00,424.00,843.00,424,419,0.00,0.00,0,0
1520564864,s1,0.00,0.00,0.00,0,0,0.00,0.00,0.00,0,0,0.00,0.00,0,0
1520564864,eth0,0.00,60.00,60.00,60,0,0.00,1.00,1.00,1,0,0.00,0.00,0,0
1520564864,eth1,0.00,0.00,0.00,0,0,0.00,0.00,0.00,0,0,0.00,0.00,0,0
1520564864,s2,0.00,0.00,0.00,0,0,0.00,0.00,0.00,0,0,0.00,0.00,0,0
1520564864,s1-eth2,12244.00,263436.00,275680.00,263436,12244,162.00,174.00,336.00,174,162,0.00,0.00,0,0
1520564864,s1-eth1,249810.00,12244.00,262054.00,12244,249810,165.00,162.00,327.00,162,165,0.00,0.00,0,0
1520564864,s2-eth2,2932.00,77214.00,80146.00,77214,2932,38.00,51.00,89.00,51,38,0.00,0.00,0,0
1520564864,s2-eth1,78728.00,2932.00,81660.00,2932,78728,52.00,38.00,90.00,38,52,0.00,0.00,0,0
1520564864,lo,0.00,0.00,0.00,0,0,0.00,0.00,0.00,0,0,0.00,0.00,0,0
1520564864,total,343714.00,355886.00,699600.00,355886,343714,417.00,426.00,843.00,426,417,0.00,0.00,0,0
1520564865,s1,0.00,0.00,0.00,0,0,0.00,0.00,0.00,0,0,0.00,0.00,0,0
1520564865,eth0,145.85,137.86,283.72,138,146,2.00,2.00,4.00,2,2,0.00,0.00,0,0
1520564865,eth1,0.00,0.00,0.00,0,0,0.00,0.00,0.00,0,0,0.00,0.00,0,0
1520564865,s2,0.00,0.00,0.00,0,0,0.00,0.00,0.00,0,0,0.00,0.00,0,0
1520564865,s1-eth2,12787.21,258677.33,271464.53,258936,12800,163.84,171.83,335.66,172,164,0.00,0.00,0,0
1520564865,s1-eth1,251184.83,12717.28,263902.09,12730,251436,167.83,162.84,330.67,163,168,0.00,0.00,0,0
1520564865,s2-eth2,2957.04,84699.30,87656.34,84784,2960,39.96,55.94,95.90,56,40,0.00,0.00,0,0
1520564865,s2-eth1,83256.74,2957.04,86213.79,2960,83340,55.94,39.96,95.90,40,56,0.00,0.00,0,0
1520564865,lo,295.70,295.70,591.41,296,296,3.00,3.00,5.99,3,3,0.00,0.00,0,0
1520564865,total,350627.38,359484.53,710111.94,359844,350978,432.57,435.56,868.13,436,433,0.00,0.00,0,0
1520564866,s1,0.00,0.00,0.00,0,0,0.00,0.00,0.00,0,0,0.00,0.00,0,0
1520564866,eth0,0.00,60.00,60.00,60,0,0.00,1.00,1.00,1,0,0.00,0.00,0,0
1520564866,eth1,0.00,0.00,0.00,0,0,0.00,0.00,0.00,0,0,0.00,0.00,0,0
1520564866,s2,0.00,0.00,0.00,0,0,0.00,0.00,0.00,0,0,0.00,0.00,0,0
1520564866,s1-eth2,12482.00,255866.00,268348.00,255866,12482,159.00,169.00,328.00,169,159,0.00,0.00,0,0
1520564866,s1-eth1,249810.00,12140.00,261950.00,12140,249810,165.00,158.00,323.00,158,165,0.00,0.00,0,0
1520564866,s2-eth2,3326.00,95382.00,98708.00,95382,3326,45.00,63.00,108.00,63,45,0.00,0.00,0,0
1520564866,s2-eth1,95382.00,3256.00,98638.00,3256,95382,63.00,44.00,107.00,44,63,0.00,0.00,0,0
1520564866,lo,0.00,0.00,0.00,0,0,0.00,0.00,0.00,0,0,0.00,0.00,0,0
1520564866,total,361000.00,366704.00,727704.00,366704,361000,432.00,435.00,867.00,435,432,0.00,0.00,0,0
1520564867,s1,0.00,0.00,0.00,0,0,0.00,0.00,0.00,0,0,0.00,0.00,0,0
1520564867,eth0,0.00,59.94,59.94,60,0,0.00,1.00,1.00,1,0,0.00,0.00,0,0
1520564867,eth1,0.00,0.00,0.00,0,0,0.00,0.00,0.00,0,0,0.00,0.00,0,0
1520564867,s2,0.00,0.00,0.00,0,0,0.00,0.00,0.00,0,0,0.00,0.00,0,0
1520564867,s1-eth2,12589.41,258635.38,271224.78,258894,12602,162.84,170.83,333.67,171,163,0.00,0.00,0,0
1520564867,s1-eth1,249560.45,12589.41,262149.84,12602,249810,164.84,162.84,327.67,163,165,0.00,0.00,0,0
1520564867,s2-eth2,4665.33,104361.64,109026.98,104466,4670,60.94,68.93,129.87,69,61,0.00,0.00,0,0
1520564867,s2-eth1,101336.66,4665.33,106002.00,4670,101438,66.93,60.94,127.87,61,67,0.00,0.00,0,0
1520564867,lo,171.83,171.83,343.66,172,172,3.00,3.00,5.99,3,3,0.00,0.00,0,0
1520564867,total,368323.69,380483.53,748807.19,380864,368692,458.54,467.53,926.07,468,459,0.00,0.00,0,0
1520564868,s1,0.00,0.00,0.00,0,0,0.00,0.00,0.00,0,0,0.00,0.00,0,0
1520564868,eth0,0.00,60.00,60.00,60,0,0.00,1.00,1.00,1,0,0.00,0.00,0,0
1520564868,eth1,0.00,0.00,0.00,0,0,0.00,0.00,0.00,0,0,0.00,0.00,0,0
1520564868,s2,0.00,0.00,0.00,0,0,0.00,0.00,0.00,0,0,0.00,0.00,0,0
1520564868,s1-eth2,12278.00,260408.00,272686.00,260408,12278,159.00,172.00,331.00,172,159,0.00,0.00,0,0
1520564868,s1-eth1,249810.00,12352.00,262162.00,12352,249810,165.00,160.00,325.00,160,165,0.00,0.00,0,0
1520564868,s2-eth2,3762.00,90840.00,94602.00,90840,3762,47.00,60.00,107.00,60,47,0.00,0.00,0,0
1520564868,s2-eth1,87812.00,3762.00,91574.00,3762,87812,58.00,47.00,105.00,47,58,0.00,0.00,0,0
1520564868,lo,0.00,0.00,0.00,0,0,0.00,0.00,0.00,0,0,0.00,0.00,0,0
1520564868,total,353662.00,367422.00,721084.00,367422,353662,429.00,440.00,869.00,440,429,0.00,0.00,0,0
1520564869,s1,0.00,0.00,0.00,0,0,0.00,0.00,0.00,0,0,0.00,0.00,0,0
1520564869,eth0,0.00,60.00,60.00,60,0,0.00,1.00,1.00,1,0,0.00,0.00,0,0
1520564869,eth1,0.00,0.00,0.00,0,0,0.00,0.00,0.00,0,0,0.00,0.00,0,0
1520564869,s2,0.00,0.00,0.00,0,0,0.00,0.00,0.00,0,0,0.00,0.00,0,0
1520564869,s1-eth2,12222.00,260408.00,272630.00,260408,12222,161.00,172.00,333.00,172,161,0.00,0.00,0,0
1520564869,s1-eth1,249880.00,12078.00,261958.00,12078,249880,166.00,159.00,325.00,159,166,0.00,0.00,0,0
1520564869,s2-eth2,3302.00,78728.00,82030.00,78728,3302,43.00,52.00,95.00,52,43,0.00,0.00,0,0
1520564869,s2-eth1,76112.00,3376.00,79488.00,3376,76112,52.00,44.00,96.00,44,52,0.00,0.00,0,0
1520564869,lo,172.00,172.00,344.00,172,172,3.00,3.00,6.00,3,3,0.00,0.00,0,0
1520564869,total,341688.00,354822.00,696510.00,354822,341688,425.00,431.00,856.00,431,425,0.00,0.00,0,0
1520564870,s1,0.00,0.00,0.00,0,0,0.00,0.00,0.00,0,0,0.00,0.00,0,0
1520564870,eth0,0.00,190.00,190.00,190,0,0.00,1.00,1.00,1,0,0.00,0.00,0,0
1520564870,eth1,0.00,0.00,0.00,0,0,0.00,0.00,0.00,0,0,0.00,0.00,0,0
1520564870,s2,0.00,0.00,0.00,0,0,0.00,0.00,0.00,0,0,0.00,0.00,0,0
1520564870,s1-eth2,12260.00,254352.00,266612.00,254352,12260,160.00,168.00,328.00,168,160,0.00,0.00,0,0
1520564870,s1-eth1,249810.00,12260.00,262070.00,12260,249810,165.00,160.00,325.00,160,165,0.00,0.00,0,0
1520564870,s2-eth2,3770.00,90840.00,94610.00,90840,3770,51.00,60.00,111.00,60,51,0.00,0.00,0,0
1520564870,s2-eth1,93868.00,3626.00,97494.00,3626,93868,62.00,49.00,111.00,49,62,0.00,0.00,0,0
1520564870,lo,0.00,0.00,0.00,0,0,0.00,0.00,0.00,0,0,0.00,0.00,0,0
1520564870,total,359708.00,361268.00,720976.00,361268,359708,438.00,438.00,876.00,438,438,0.00,0.00,0,0
1520564871,s1,0.00,0.00,0.00,0,0,0.00,0.00,0.00,0,0,0.00,0.00,0,0
1520564871,eth0,0.00,60.00,60.00,60,0,0.00,1.00,1.00,1,0,0.00,0.00,0,0
1520564871,eth1,0.00,0.00,0.00,0,0,0.00,0.00,0.00,0,0,0.00,0.00,0,0
1520564871,s2,0.00,0.00,0.00,0,0,0.00,0.00,0.00,0,0,0.00,0.00,0,0
1520564871,s1-eth2,12162.00,254352.00,266514.00,254352,12162,159.00,168.00,327.00,168,159,0.00,0.00,0,0
1520564871,s1-eth1,250152.00,12162.00,262314.00,12162,250152,166.00,159.00,325.00,159,166,0.00,0.00,0,0
1520564871,s2-eth2,4334.00,98410.00,102744.00,98410,4334,53.00,65.00,118.00,65,53,0.00,0.00,0,0
1520564871,s2-eth1,87812.00,3992.00,91804.00,3992,87812,58.00,52.00,110.00,52,58,0.00,0.00,0,0
1520564871,lo,0.00,0.00,0.00,0,0,0.00,0.00,0.00,0,0,0.00,0.00,0,0
1520564871,total,354460.00,368976.00,723436.00,368976,354460,436.00,445.00,881.00,445,436,0.00,0.00,0,0
1520564872,s1,0.00,0.00,0.00,0,0,0.00,0.00,0.00,0,0,0.00,0.00,0,0
1520564872,eth0,0.00,60.00,60.00,60,0,0.00,1.00,1.00,1,0,0.00,0.00,0,0
1520564872,eth1,0.00,0.00,0.00,0,0,0.00,0.00,0.00,0,0,0.00,0.00,0,0
1520564872,s2,0.00,0.00,0.00,0,0,0.00,0.00,0.00,0,0,0.00,0.00,0,0
1520564872,s1-eth2,12794.00,252838.00,265632.00,252838,12794,163.00,167.00,330.00,167,163,0.00,0.00,0,0
1520564872,s1-eth1,249810.00,12538.00,262348.00,12538,249810,165.00,163.00,328.00,163,165,0.00,0.00,0,0
1520564872,s2-eth2,3480.00,83312.00,86792.00,83312,3480,46.00,56.00,102.00,56,46,0.00,0.00,0,0
1520564872,s2-eth1,93910.00,3480.00,97390.00,3480,93910,63.00,46.00,109.00,46,63,0.00,0.00,0,0
1520564872,lo,172.00,172.00,344.00,172,172,3.00,3.00,6.00,3,3,0.00,0.00,0,0
1520564872,total,360166.00,352400.00,712566.00,352400,360166,440.00,436.00,876.00,436,440,0.00,0.00,0,0
1520564873,s1,0.00,0.00,0.00,0,0,0.00,0.00,0.00,0,0,0.00,0.00,0,0
1520564873,eth0,0.00,60.00,60.00,60,0,0.00,1.00,1.00,1,0,0.00,0.00,0,0
1520564873,eth1,0.00,0.00,0.00,0,0,0.00,0.00,0.00,0,0,0.00,0.00,0,0
1520564873,s2,0.00,0.00,0.00,0,0,0.00,0.00,0.00,0,0,0.00,0.00,0,0
1520564873,s1-eth2,12216.00,260408.00,272624.00,260408,12216,158.00,172.00,330.00,172,158,0.00,0.00,0,0
1520564873,s1-eth1,251324.00,12216.00,263540.00,12216,251324,166.00,158.00,324.00,158,166,0.00,0.00,0,0
1520564873,s2-eth2,4066.00,101438.00,105504.00,101438,4066,53.00,67.00,120.00,67,53,0.00,0.00,0,0
1520564873,s2-eth1,89326.00,4066.00,93392.00,4066,89326,59.00,53.00,112.00,53,59,0.00,0.00,0,0
1520564873,lo,0.00,0.00,0.00,0,0,0.00,0.00,0.00,0,0,0.00,0.00,0,0
1520564873,total,356932.00,378188.00,735120.00,378188,356932,436.00,451.00,887.00,451,436,0.00,0.00,0,0
1520564874,s1,0.00,0.00,0.00,0,0,0.00,0.00,0.00,0,0,0.00,0.00,0,0
1520564874,eth0,0.00,59.70,59.70,60,0,0.00,1.00,1.00,1,0,0.00,0.00,0,0
1520564874,eth1,0.00,0.00,0.00,0,0,0.00,0.00,0.00,0,0,0.00,0.00,0,0
1520564874,s2,0.00,0.00,0.00,0,0,0.00,0.00,0.00,0,0,0.00,0.00,0,0
1520564874,s1-eth2,12133.33,263631.84,275765.16,264950,12194,158.21,174.13,332.34,175,159,0.00,0.00,0,0
1520564874,s1-eth1,250073.62,12121.39,262195.03,12182,251324,165.17,158.21,323.38,159,166,0.00,0.00,0,0
1520564874,s2-eth2,3313.43,105452.73,108766.16,105980,3330,44.78,69.65,114.43,70,45,0.00,0.00,0,0
1520564874,s2-eth1,108465.67,3313.43,111779.10,3330,109008,71.64,44.78,116.42,45,72,0.00,0.00,0,0
1520564874,lo,171.14,171.14,342.29,172,172,2.99,2.99,5.97,3,3,0.00,0.00,0,0
1520564874,total,374157.22,384750.25,758907.44,386674,376028,442.79,450.75,893.53,453,445,0.00,0.00,0,0
1520564875,s1,0.00,0.00,0.00,0,0,0.00,0.00,0.00,0,0,0.00,0.00,0,0
1520564875,eth0,0.00,60.00,60.00,60,0,0.00,1.00,1.00,1,0,0.00,0.00,0,0
1520564875,eth1,0.00,0.00,0.00,0,0,0.00,0.00,0.00,0,0,0.00,0.00,0,0
1520564875,s2,0.00,0.00,0.00,0,0,0.00,0.00,0.00,0,0,0.00,0.00,0,0
1520564875,s1-eth2,12674.00,252838.00,265512.00,252838,12674,165.00,167.00,332.00,167,165,0.00,0.00,0,0
1520564875,s1-eth1,249810.00,12600.00,262410.00,12600,249810,165.00,164.00,329.00,164,165,0.00,0.00,0,0
1520564875,s2-eth2,4682.00,112036.00,116718.00,112036,4682,61.00,74.00,135.00,74,61,0.00,0.00,0,0
1520564875,s2-eth1,113550.00,4682.00,118232.00,4682,113550,75.00,61.00,136.00,61,75,0.00,0.00,0,0
1520564875,lo,0.00,0.00,0.00,0,0,0.00,0.00,0.00,0,0,0.00,0.00,0,0
1520564875,total,380716.00,382216.00,762932.00,382216,380716,466.00,467.00,933.00,467,466,0.00,0.00,0,0
1520564876,s1,0.00,0.00,0.00,0,0,0.00,0.00,0.00,0,0,0.00,0.00,0,0
1520564876,eth0,0.00,60.00,60.00,60,0,0.00,1.00,1.00,1,0,0.00,0.00,0,0
1520564876,eth1,0.00,0.00,0.00,0,0,0.00,0.00,0.00,0,0,0.00,0.00,0,0
1520564876,s2,0.00,0.00,0.00,0,0,0.00,0.00,0.00,0,0,0.00,0.00,0,0
1520564876,s1-eth2,12212.00,261922.00,274134.00,261922,12212,160.00,173.00,333.00,173,160,0.00,0.00,0,0
1520564876,s1-eth1,249810.00,12212.00,262022.00,12212,249810,165.00,160.00,325.00,160,165,0.00,0.00,0,0
1520564876,s2-eth2,4736.00,125662.00,130398.00,125662,4736,64.00,83.00,147.00,83,64,0.00,0.00,0,0
1520564876,s2-eth1,124148.00,4736.00,128884.00,4736,124148,82.00,64.00,146.00,64,82,0.00,0.00,0,0
1520564876,lo,0.00,0.00,0.00,0,0,0.00,0.00,0.00,0,0,0.00,0.00,0,0
1520564876,total,390906.00,404592.00,795498.00,404592,390906,471.00,481.00,952.00,481,471,0.00,0.00,0,0
1520564877,s1,0.00,0.00,0.00,0,0,0.00,0.00,0.00,0,0,0.00,0.00,0,0
1520564877,eth0,0.00,0.00,0.00,0,0,0.00,0.00,0.00,0,0,0.00,0.00,0,0
1520564877,eth1,0.00,0.00,0.00,0,0,0.00,0.00,0.00,0,0,0.00,0.00,0,0
1520564877,s2,0.00,0.00,0.00,0,0,0.00,0.00,0.00,0,0,0.00,0.00,0,0
1520564877,s1-eth2,12258.00,255866.00,268124.00,255866,12258,159.00,169.00,328.00,169,159,0.00,0.00,0,0
1520564877,s1-eth1,249810.00,12258.00,262068.00,12258,249810,165.00,159.00,324.00,159,165,0.00,0.00,0,0
1520564877,s2-eth2,5356.00,113550.00,118906.00,113550,5356,68.00,75.00,143.00,75,68,0.00,0.00,0,0
1520564877,s2-eth1,109008.00,5356.00,114364.00,5356,109008,72.00,68.00,140.00,68,72,0.00,0.00,0,0
1520564877,lo,172.00,172.00,344.00,172,172,3.00,3.00,6.00,3,3,0.00,0.00,0,0
1520564877,total,376604.00,387202.00,763806.00,387202,376604,467.00,474.00,941.00,474,467,0.00,0.00,0,0
1520564878,s1,0.00,0.00,0.00,0,0,0.00,0.00,0.00,0,0,0.00,0.00,0,0
1520564878,eth0,0.00,59.94,59.94,60,0,0.00,1.00,1.00,1,0,0.00,0.00,0,0
1520564878,eth1,0.00,0.00,0.00,0,0,0.00,0.00,0.00,0,0,0.00,0.00,0,0
1520564878,s2,0.00,0.00,0.00,0,0,0.00,0.00,0.00,0,0,0.00,0.00,0,0
1520564878,s1-eth2,12599.40,257122.89,269722.28,257380,12612,161.84,169.83,331.67,170,162,0.00,0.00,0,0
1520564878,s1-eth1,249560.45,12673.33,262233.78,12686,249810,164.84,162.84,327.67,163,165,0.00,0.00,0,0
1520564878,s2-eth2,3668.33,77136.87,80805.20,77214,3672,47.95,50.95,98.90,51,48,0.00,0.00,0,0
1520564878,s2-eth1,78649.35,3668.33,82317.69,3672,78728,51.95,47.95,99.90,48,52,0.00,0.00,0,0
1520564878,lo,0.00,0.00,0.00,0,0,0.00,0.00,0.00,0,0,0.00,0.00,0,0
1520564878,total,344477.53,350661.34,695138.88,351012,344822,426.57,432.57,859.14,433,427,0.00,0.00,0,0
1520564879,s1,0.00,0.00,0.00,0,0,0.00,0.00,0.00,0,0,0.00,0.00,0,0
1520564879,eth0,0.00,60.00,60.00,60,0,0.00,1.00,1.00,1,0,0.00,0.00,0,0
1520564879,eth1,0.00,0.00,0.00,0,0,0.00,0.00,0.00,0,0,0.00,0.00,0,0
1520564879,s2,0.00,0.00,0.00,0,0,0.00,0.00,0.00,0,0,0.00,0.00,0,0
1520564879,s1-eth2,12554.00,260408.00,272962.00,260408,12554,163.00,172.00,335.00,172,163,0.00,0.00,0,0
1520564879,s1-eth1,251324.00,12554.00,263878.00,12554,251324,166.00,163.00,329.00,163,166,0.00,0.00,0,0
1520564879,s2-eth2,3006.00,78728.00,81734.00,78728,3006,39.00,52.00,91.00,52,39,0.00,0.00,0,0
1520564879,s2-eth1,75700.00,3006.00,78706.00,3006,75700,50.00,39.00,89.00,39,50,0.00,0.00,0,0
1520564879,lo,172.00,172.00,344.00,172,172,3.00,3.00,6.00,3,3,0.00,0.00,0,0
1520564879,total,342756.00,354928.00,697684.00,354928,342756,421.00,430.00,851.00,430,421,0.00,0.00,0,0
1520564880,s1,0.00,0.00,0.00,0,0,0.00,0.00,0.00,0,0,0.00,0.00,0,0
1520564880,eth0,0.00,60.00,60.00,60,0,0.00,1.00,1.00,1,0,0.00,0.00,0,0
1520564880,eth1,0.00,0.00,0.00,0,0,0.00,0.00,0.00,0,0,0.00,0.00,0,0
1520564880,s2,0.00,0.00,0.00,0,0,0.00,0.00,0.00,0,0,0.00,0.00,0,0
1520564880,s1-eth2,12358.00,254352.00,266710.00,254352,12358,161.00,168.00,329.00,168,161,0.00,0.00,0,0
1520564880,s1-eth1,249810.00,12284.00,262094.00,12284,249810,165.00,160.00,325.00,160,165,0.00,0.00,0,0
1520564880,s2-eth2,2738.00,84784.00,87522.00,84784,2738,37.00,56.00,93.00,56,37,0.00,0.00,0,0
1520564880,s2-eth1,84784.00,2738.00,87522.00,2738,84784,56.00,37.00,93.00,37,56,0.00,0.00,0,0
1520564880,lo,0.00,0.00,0.00,0,0,0.00,0.00,0.00,0,0,0.00,0.00,0,0
1520564880,total,349690.00,354218.00,703908.00,354218,349690,419.00,422.00,841.00,422,419,0.00,0.00,0,0
1520564881,s1,0.00,0.00,0.00,0,0,0.00,0.00,0.00,0,0,0.00,0.00,0,0
1520564881,eth0,0.00,0.00,0.00,0,0,0.00,0.00,0.00,0,0,0.00,0.00,0,0
1520564881,eth1,0.00,0.00,0.00,0,0,0.00,0.00,0.00,0,0,0.00,0.00,0,0
1520564881,s2,0.00,0.00,0.00,0,0,0.00,0.00,0.00,0,0,0.00,0.00,0,0
1520564881,s1-eth2,12098.00,264950.00,277048.00,264950,12098,157.00,175.00,332.00,175,157,0.00,0.00,0,0
1520564881,s1-eth1,249810.00,12098.00,261908.00,12098,249810,165.00,157.00,322.00,157,165,0.00,0.00,0,0
1520564881,s2-eth2,3666.00,63588.00,67254.00,63588,3666,45.00,42.00,87.00,42,45,0.00,0.00,0,0
1520564881,s2-eth1,66616.00,3666.00,70282.00,3666,66616,44.00,45.00,89.00,45,44,0.00,0.00,0,0
1520564881,lo,0.00,0.00,0.00,0,0,0.00,0.00,0.00,0,0,0.00,0.00,0,0
1520564881,total,332190.00,344302.00,676492.00,344302,332190,411.00,419.00,830.00,419,411,0.00,0.00,0,0
1520564882,s1,0.00,0.00,0.00,0,0,0.00,0.00,0.00,0,0,0.00,0.00,0,0
1520564882,eth0,0.00,60.00,60.00,60,0,0.00,1.00,1.00,1,0,0.00,0.00,0,0
1520564882,eth1,0.00,0.00,0.00,0,0,0.00,0.00,0.00,0,0,0.00,0.00,0,0
1520564882,s2,0.00,0.00,0.00,0,0,0.00,0.00,0.00,0,0,0.00,0.00,0,0
1520564882,s1-eth2,11686.00,255866.00,267552.00,255866,11686,155.00,169.00,324.00,169,155,0.00,0.00,0,0
1520564882,s1-eth1,249810.00,11686.00,261496.00,11686,249810,165.00,155.00,320.00,155,165,0.00,0.00,0,0
1520564882,s2-eth2,2380.00,66616.00,68996.00,66616,2380,32.00,44.00,76.00,44,32,0.00,0.00,0,0
1520564882,s2-eth1,59046.00,2380.00,61426.00,2380,59046,39.00,32.00,71.00,32,39,0.00,0.00,0,0
1520564882,lo,172.00,172.00,344.00,172,172,3.00,3.00,6.00,3,3,0.00,0.00,0,0
1520564882,total,323094.00,336780.00,659874.00,336780,323094,394.00,404.00,798.00,404,394,0.00,0.00,0,0
1520564883,s1,0.00,0.00,0.00,0,0,0.00,0.00,0.00,0,0,0.00,0.00,0,0
1520564883,eth0,0.00,60.00,60.00,60,0,0.00,1.00,1.00,1,0,0.00,0.00,0,0
1520564883,eth1,0.00,0.00,0.00,0,0,0.00,0.00,0.00,0,0,0.00,0.00,0,0
1520564883,s2,0.00,0.00,0.00,0,0,0.00,0.00,0.00,0,0,0.00,0.00,0,0
1520564883,s1-eth2,11086.00,228614.00,239700.00,228614,11086,141.00,151.00,292.00,151,141,0.00,0.00,0,0
1520564883,s1-eth1,218016.00,11086.00,229102.00,11086,218016,144.00,141.00,285.00,141,144,0.00,0.00,0,0
1520564883,s2-eth2,2008.00,51476.00,53484.00,51476,2008,26.00,34.00,60.00,34,26,0.00,0.00,0,0
1520564883,s2-eth1,52990.00,2008.00,54998.00,2008,52990,35.00,26.00,61.00,26,35,0.00,0.00,0,0
1520564883,lo,0.00,0.00,0.00,0,0,0.00,0.00,0.00,0,0,0.00,0.00,0,0
1520564883,total,284100.00,293244.00,577344.00,293244,284100,346.00,353.00,699.00,353,346,0.00,0.00,0,0
1520564884,s1,0.00,0.00,0.00,0,0,0.00,0.00,0.00,0,0,0.00,0.00,0,0
1520564884,eth0,0.00,60.00,60.00,60,0,0.00,1.00,1.00,1,0,0.00,0.00,0,0
1520564884,eth1,0.00,0.00,0.00,0,0,0.00,0.00,0.00,0,0,0.00,0.00,0,0
1520564884,s2,0.00,0.00,0.00,0,0,0.00,0.00,0.00,0,0,0.00,0.00,0,0
1520564884,s1-eth2,12592.00,254352.00,266944.00,254352,12592,162.00,168.00,330.00,168,162,0.00,0.00,0,0
1520564884,s1-eth1,249810.00,12592.00,262402.00,12592,249810,165.00,162.00,327.00,162,165,0.00,0.00,0,0
1520564884,s2-eth2,2456.00,56018.00,58474.00,56018,2456,28.00,37.00,65.00,37,28,0.00,0.00,0,0
1520564884,s2-eth1,48790.00,2114.00,50904.00,2114,48790,33.00,27.00,60.00,27,33,0.00,0.00,0,0
1520564884,lo,172.00,172.00,344.00,172,172,3.00,3.00,6.00,3,3,0.00,0.00,0,0
1520564884,total,313820.00,325308.00,639128.00,325308,313820,391.00,398.00,789.00,398,391,0.00,0.00,0,0
1520564885,s1,0.00,0.00,0.00,0,0,0.00,0.00,0.00,0,0,0.00,0.00,0,0
1520564885,eth0,0.00,275.00,275.00,275,0,0.00,2.00,2.00,2,0,0.00,0.00,0,0
1520564885,eth1,0.00,0.00,0.00,0,0,0.00,0.00,0.00,0,0,0.00,0.00,0,0
1520564885,s2,0.00,0.00,0.00,0,0,0.00,0.00,0.00,0,0,0.00,0.00,0,0
1520564885,s1-eth2,12188.00,261922.00,274110.00,261922,12188,160.00,173.00,333.00,173,160,0.00,0.00,0,0
1520564885,s1-eth1,250152.00,12188.00,262340.00,12188,250152,166.00,160.00,326.00,160,166,0.00,0.00,0,0
1520564885,s2-eth2,2452.00,51476.00,53928.00,51476,2452,32.00,34.00,66.00,34,32,0.00,0.00,0,0
1520564885,s2-eth1,54504.00,2452.00,56956.00,2452,54504,36.00,32.00,68.00,32,36,0.00,0.00,0,0
1520564885,lo,0.00,0.00,0.00,0,0,0.00,0.00,0.00,0,0,0.00,0.00,0,0
1520564885,total,319296.00,328313.00,647609.00,328313,319296,394.00,401.00,795.00,401,394,0.00,0.00,0,0
1520564886,s1,0.00,0.00,0.00,0,0,0.00,0.00,0.00,0,0,0.00,0.00,0,0
1520564886,eth0,0.00,60.00,60.00,60,0,0.00,1.00,1.00,1,0,0.00,0.00,0,0
1520564886,eth1,0.00,0.00,0.00,0,0,0.00,0.00,0.00,0,0,0.00,0.00,0,0
1520564886,s2,0.00,0.00,0.00,0,0,0.00,0.00,0.00,0,0,0.00,0.00,0,0
1520564886,s1-eth2,12516.00,260408.00,272924.00,260408,12516,162.00,172.00,334.00,172,162,0.00,0.00,0,0
1520564886,s1-eth1,251324.00,12590.00,263914.00,12590,251324,166.00,163.00,329.00,163,166,0.00,0.00,0,0
1520564886,s2-eth2,2760.00,66616.00,69376.00,66616,2760,36.00,44.00,80.00,44,36,0.00,0.00,0,0
1520564886,s2-eth1,63588.00,2760.00,66348.00,2760,63588,42.00,36.00,78.00,36,42,0.00,0.00,0,0
1520564886,lo,0.00,0.00,0.00,0,0,0.00,0.00,0.00,0,0,0.00,0.00,0,0
1520564886,total,330188.00,342434.00,672622.00,342434,330188,406.00,416.00,822.00,416,406,0.00,0.00,0,0
1520564887,s1,0.00,0.00,0.00,0,0,0.00,0.00,0.00,0,0,0.00,0.00,0,0
1520564887,eth0,0.00,60.00,60.00,60,0,0.00,1.00,1.00,1,0,0.00,0.00,0,0
1520564887,eth1,0.00,0.00,0.00,0,0,0.00,0.00,0.00,0,0,0.00,0.00,0,0
1520564887,s2,0.00,0.00,0.00,0,0,0.00,0.00,0.00,0,0,0.00,0.00,0,0
1520564887,s1-eth2,11542.00,266464.00,278006.00,266464,11542,155.00,176.00,331.00,176,155,0.00,0.00,0,0
1520564887,s1-eth1,249810.00,11468.00,261278.00,11468,249810,165.00,154.00,319.00,154,165,0.00,0.00,0,0
1520564887,s2-eth2,2624.00,66616.00,69240.00,66616,2624,34.00,44.00,78.00,44,34,0.00,0.00,0,0
1520564887,s2-eth1,65102.00,2624.00,67726.00,2624,65102,43.00,34.00,77.00,34,43,0.00,0.00,0,0
1520564887,lo,172.00,172.00,344.00,172,172,3.00,3.00,6.00,3,3,0.00,0.00,0,0
1520564887,total,329250.00,347404.00,676654.00,347404,329250,400.00,412.00,812.00,412,400,0.00,0.00,0,0
1520564888,s1,0.00,0.00,0.00,0,0,0.00,0.00,0.00,0,0,0.00,0.00,0,0
1520564888,eth0,0.00,0.00,0.00,0,0,0.00,0.00,0.00,0,0,0.00,0.00,0,0
1520564888,eth1,0.00,0.00,0.00,0,0,0.00,0.00,0.00,0,0,0.00,0.00,0,0
1520564888,s2,0.00,0.00,0.00,0,0,0.00,0.00,0.00,0,0,0.00,0.00,0,0
1520564888,s1-eth2,12284.00,248296.00,260580.00,248296,12284,160.00,164.00,324.00,164,160,0.00,0.00,0,0
1520564888,s1-eth1,249810.00,12284.00,262094.00,12284,249810,165.00,160.00,325.00,160,165,0.00,0.00,0,0
1520564888,s2-eth2,2846.00,65102.00,67948.00,65102,2846,37.00,43.00,80.00,43,37,0.00,0.00,0,0
1520564888,s2-eth1,66616.00,2846.00,69462.00,2846,66616,44.00,37.00,81.00,37,44,0.00,0.00,0,0
1520564888,lo,0.00,0.00,0.00,0,0,0.00,0.00,0.00,0,0,0.00,0.00,0,0
1520564888,total,331556.00,328528.00,660084.00,328528,331556,406.00,404.00,810.00,404,406,0.00,0.00,0,0
1520564889,s1,0.00,0.00,0.00,0,0,0.00,0.00,0.00,0,0,0.00,0.00,0,0
1520564889,eth0,0.00,60.00,60.00,60,0,0.00,1.00,1.00,1,0,0.00,0.00,0,0
1520564889,eth1,0.00,0.00,0.00,0,0,0.00,0.00,0.00,0,0,0.00,0.00,0,0
1520564889,s2,0.00,0.00,0.00,0,0,0.00,0.00,0.00,0,0,0.00,0.00,0,0
1520564889,s1-eth2,12188.00,257380.00,269568.00,257380,12188,160.00,170.00,330.00,170,160,0.00,0.00,0,0
1520564889,s1-eth1,249810.00,12188.00,261998.00,12188,249810,165.00,160.00,325.00,160,165,0.00,0.00,0,0
1520564889,s2-eth2,3552.00,84784.00,88336.00,84784,3552,48.00,56.00,104.00,56,48,0.00,0.00,0,0
1520564889,s2-eth1,78728.00,3552.00,82280.00,3552,78728,52.00,48.00,100.00,48,52,0.00,0.00,0,0
1520564889,lo,172.00,172.00,344.00,172,172,3.00,3.00,6.00,3,3,0.00,0.00,0,0
1520564889,total,344450.00,358136.00,702586.00,358136,344450,428.00,438.00,866.00,438,428,0.00,0.00,0,0
1520564890,s1,0.00,0.00,0.00,0,0,0.00,0.00,0.00,0,0,0.00,0.00,0,0
1520564890,eth0,0.00,146.00,146.00,146,0,0.00,2.00,2.00,2,0,0.00,0.00,0,0
1520564890,eth1,0.00,86.00,86.00,86,0,0.00,1.00,1.00,1,0,0.00,0.00,0,0
1520564890,s2,0.00,0.00,0.00,0,0,0.00,0.00,0.00,0,0,0.00,0.00,0,0
1520564890,s1-eth2,12320.00,252838.00,265158.00,252838,12320,160.00,167.00,327.00,167,160,0.00,0.00,0,0
1520564890,s1-eth1,249810.00,12320.00,262130.00,12320,249810,165.00,160.00,325.00,160,165,0.00,0.00,0,0
1520564890,s2-eth2,3526.00,83270.00,86796.00,83270,3526,45.00,55.00,100.00,55,45,0.00,0.00,0,0
1520564890,s2-eth1,81756.00,3526.00,85282.00,3526,81756,54.00,45.00,99.00,45,54,0.00,0.00,0,0
1520564890,lo,0.00,0.00,0.00,0,0,0.00,0.00,0.00,0,0,0.00,0.00,0,0
1520564890,total,347412.00,352186.00,699598.00,352186,347412,424.00,430.00,854.00,430,424,0.00,0.00,0,0
1520564891,s1,0.00,0.00,0.00,0,0,0.00,0.00,0.00,0,0,0.00,0.00,0,0
1520564891,eth0,0.00,60.00,60.00,60,0,0.00,1.00,1.00,1,0,0.00,0.00,0,0
1520564891,eth1,0.00,0.00,0.00,0,0,0.00,0.00,0.00,0,0,0.00,0.00,0,0
1520564891,s2,0.00,0.00,0.00,0,0,0.00,0.00,0.00,0,0,0.00,0.00,0,0
1520564891,s1-eth2,12778.00,254352.00,267130.00,254352,12778,165.00,168.00,333.00,168,165,0.00,0.00,0,0
1520564891,s1-eth1,249810.00,12510.00,262320.00,12510,249810,165.00,165.00,330.00,165,165,0.00,0.00,0,0
1520564891,s2-eth2,3732.00,83270.00,87002.00,83270,3732,48.00,55.00,103.00,55,48,0.00,0.00,0,0
1520564891,s2-eth1,81756.00,3732.00,85488.00,3732,81756,54.00,48.00,102.00,48,54,0.00,0.00,0,0
1520564891,lo,0.00,0.00,0.00,0,0,0.00,0.00,0.00,0,0,0.00,0.00,0,0
1520564891,total,348076.00,353924.00,702000.00,353924,348076,432.00,437.00,869.00,437,432,0.00,0.00,0,0
1520564892,s1,0.00,0.00,0.00,0,0,0.00,0.00,0.00,0,0,0.00,0.00,0,0
1520564892,eth0,0.00,0.00,0.00,0,0,0.00,0.00,0.00,0,0,0.00,0.00,0,0
1520564892,eth1,0.00,0.00,0.00,0,0,0.00,0.00,0.00,0,0,0.00,0.00,0,0
1520564892,s2,0.00,0.00,0.00,0,0,0.00,0.00,0.00,0,0,0.00,0.00,0,0
1520564892,s1-eth2,12423.58,252585.42,265009.00,252838,12436,159.84,166.83,326.67,167,160,0.00,0.00,0,0
1520564892,s1-eth1,248047.95,12423.58,260471.53,12436,248296,163.84,159.84,323.68,160,164,0.00,0.00,0,0
1520564892,s2-eth2,3950.05,90749.25,94699.30,90840,3954,48.95,59.94,108.89,60,49,0.00,0.00,0,0
1520564892,s2-eth1,90749.25,3608.39,94357.65,3612,90840,59.94,47.95,107.89,48,60,0.00,0.00,0,0
1520564892,lo,171.83,171.83,343.66,172,172,3.00,3.00,5.99,3,3,0.00,0.00,0,0
1520564892,total,355342.66,359538.47,714881.12,359898,355698,435.56,437.56,873.13,438,436,0.00,0.00,0,0
1520564893,s1,0.00,0.00,0.00,0,0,0.00,0.00,0.00,0,0,0.00,0.00,0,0
1520564893,eth0,0.00,0.00,0.00,0,0,0.00,0.00,0.00,0,0,0.00,0.00,0,0
1520564893,eth1,0.00,0.00,0.00,0,0,0.00,0.00,0.00,0,0,0.00,0.00,0,0
1520564893,s2,0.00,0.00,0.00,0,0,0.00,0.00,0.00,0,0,0.00,0.00,0,0
1520564893,s1-eth2,11590.00,254352.00,265942.00,254352,11590,151.00,168.00,319.00,168,151,0.00,0.00,0,0
1520564893,s1-eth1,239212.00,11516.00,250728.00,11516,239212,158.00,150.00,308.00,150,158,0.00,0.00,0,0
1520564893,s2-eth2,3630.00,72672.00,76302.00,72672,3630,45.00,48.00,93.00,48,45,0.00,0.00,0,0
1520564893,s2-eth1,66616.00,3630.00,70246.00,3630,66616,44.00,45.00,89.00,45,44,0.00,0.00,0,0
1520564893,lo,0.00,0.00,0.00,0,0,0.00,0.00,0.00,0,0,0.00,0.00,0,0
1520564893,total,321048.00,342170.00,663218.00,342170,321048,398.00,411.00,809.00,411,398,0.00,0.00,0,0
1520564894,s1,0.00,0.00,0.00,0,0,0.00,0.00,0.00,0,0,0.00,0.00,0,0
1520564894,eth0,0.00,60.00,60.00,60,0,0.00,1.00,1.00,1,0,0.00,0.00,0,0
1520564894,eth1,0.00,0.00,0.00,0,0,0.00,0.00,0.00,0,0,0.00,0.00,0,0
1520564894,s2,0.00,0.00,0.00,0,0,0.00,0.00,0.00,0,0,0.00,0.00,0,0
1520564894,s1-eth2,12014.00,258894.00,270908.00,258894,12014,157.00,171.00,328.00,171,157,0.00,0.00,0,0
1520564894,s1-eth1,249810.00,12014.00,261824.00,12014,249810,165.00,157.00,322.00,157,165,0.00,0.00,0,0
1520564894,s2-eth2,2518.00,54504.00,57022.00,54504,2518,33.00,36.00,69.00,36,33,0.00,0.00,0,0
1520564894,s2-eth1,60560.00,2518.00,63078.00,2518,60560,40.00,33.00,73.00,33,40,0.00,0.00,0,0
1520564894,lo,172.00,172.00,344.00,172,172,3.00,3.00,6.00,3,3,0.00,0.00,0,0
1520564894,total,325074.00,328162.00,653236.00,328162,325074,398.00,401.00,799.00,401,398,0.00,0.00,0,0
1520564895,s1,0.00,0.00,0.00,0,0,0.00,0.00,0.00,0,0,0.00,0.00,0,0
1520564895,eth0,0.00,60.00,60.00,60,0,0.00,1.00,1.00,1,0,0.00,0.00,0,0
1520564895,eth1,0.00,0.00,0.00,0,0,0.00,0.00,0.00,0,0,0.00,0.00,0,0
1520564895,s2,0.00,0.00,0.00,0,0,0.00,0.00,0.00,0,0,0.00,0.00,0,0
1520564895,s1-eth2,3502.00,56938.00,60440.00,56938,3502,43.00,41.00,84.00,41,43,0.00,0.00,0,0
1520564895,s1-eth1,59966.00,3502.00,63468.00,3502,59966,43.00,43.00,86.00,43,43,0.00,0.00,0,0
1520564895,s2-eth2,1638.00,21344.00,22982.00,21344,1638,21.00,16.00,37.00,16,21,0.00,0.00,0,0
1520564895,s2-eth1,19830.00,1638.00,21468.00,1638,19830,15.00,21.00,36.00,21,15,0.00,0.00,0,0
1520564895,lo,0.00,0.00,0.00,0,0,0.00,0.00,0.00,0,0,0.00,0.00,0,0
1520564895,total,84936.00,83482.00,168418.00,83482,84936,122.00,122.00,244.00,122,122,0.00,0.00,0,0
1520564896,s1,0.00,0.00,0.00,0,0,0.00,0.00,0.00,0,0,0.00,0.00,0,0
1520564896,eth0,0.00,60.00,60.00,60,0,0.00,1.00,1.00,1,0,0.00,0.00,0,0
1520564896,eth1,0.00,0.00,0.00,0,0,0.00,0.00,0.00,0,0,0.00,0.00,0,0
1520564896,s2,0.00,0.00,0.00,0,0,0.00,0.00,0.00,0,0,0.00,0.00,0,0
1520564896,s1-eth2,0.00,0.00,0.00,0,0,0.00,0.00,0.00,0,0,0.00,0.00,0,0
1520564896,s1-eth1,0.00,0.00,0.00,0,0,0.00,0.00,0.00,0,0,0.00,0.00,0,0
1520564896,s2-eth2,0.00,0.00,0.00,0,0,0.00,0.00,0.00,0,0,0.00,0.00,0,0
1520564896,s2-eth1,0.00,0.00,0.00,0,0,0.00,0.00,0.00,0,0,0.00,0.00,0,0
1520564896,lo,0.00,0.00,0.00,0,0,0.00,0.00,0.00,0,0,0.00,0.00,0,0
1520564896,total,0.00,60.00,60.00,60,0,0.00,1.00,1.00,1,0,0.00,0.00,0,0
1520564897,s1,0.00,0.00,0.00,0,0,0.00,0.00,0.00,0,0,0.00,0.00,0,0
1520564897,eth0,0.00,59.94,59.94,60,0,0.00,1.00,1.00,1,0,0.00,0.00,0,0
1520564897,eth1,0.00,0.00,0.00,0,0,0.00,0.00,0.00,0,0,0.00,0.00,0,0
1520564897,s2,0.00,0.00,0.00,0,0,0.00,0.00,0.00,0,0,0.00,0.00,0,0
1520564897,s1-eth2,41.96,41.96,83.92,42,42,1.00,1.00,2.00,1,1,0.00,0.00,0,0
1520564897,s1-eth1,383.62,41.96,425.57,42,384,2.00,1.00,3.00,1,2,0.00,0.00,0,0
1520564897,s2-eth2,0.00,0.00,0.00,0,0,0.00,0.00,0.00,0,0,0.00,0.00,0,0
1520564897,s2-eth1,0.00,0.00,0.00,0,0,0.00,0.00,0.00,0,0,0.00,0.00,0,0
1520564897,lo,171.83,171.83,343.66,172,172,3.00,3.00,5.99,3,3,0.00,0.00,0,0
1520564897,total,597.40,315.68,913.09,316,598,5.99,5.99,11.99,6,6,0.00,0.00,0,0
1520564898,s1,0.00,0.00,0.00,0,0,0.00,0.00,0.00,0,0,0.00,0.00,0,0
1520564898,eth0,0.00,59.94,59.94,60,0,0.00,1.00,1.00,1,0,0.00,0.00,0,0
1520564898,eth1,0.00,0.00,0.00,0,0,0.00,0.00,0.00,0,0,0.00,0.00,0,0
1520564898,s2,0.00,0.00,0.00,0,0,0.00,0.00,0.00,0,0,0.00,0.00,0,0
1520564898,s1-eth2,0.00,0.00,0.00,0,0,0.00,0.00,0.00,0,0,0.00,0.00,0,0
1520564898,s1-eth1,0.00,0.00,0.00,0,0,0.00,0.00,0.00,0,0,0.00,0.00,0,0
1520564898,s2-eth2,0.00,0.00,0.00,0,0,