1520565465,eth0,0.00,0.00,0.00,0,0,0.00,0.00,0.00,0,0,0.00,0.00,0,0
1520565465,eth1,0.00,0.00,0.00,0,0,0.00,0.00,0.00,0,0,0.00,0.00,0,0
1520565465,s2,0.00,0.00,0.00,0,0,0.00,0.00,0.00,0,0,0.00,0.00,0,0
1520565465,s2-eth2,0.00,0.00,0.00,0,0,0.00,0.00,0.00,0,0,0.00,0.00,0,0
1520565465,s2-eth1,0.00,0.00,0.00,0,0,0.00,0.00,0.00,0,0,0.00,0.00,0,0
1520565465,lo,0.00,0.00,0.00,0,0,0.00,0.00,0.00,0,0,0.00,0.00,0,0
1520565465,total,0.00,0.00,0.00,0,0,0.00,0.00,0.00,0,0,0.00,0.00,0,0
1520565466,eth0,192.00,630.00,822.00,630,192,2.00,5.00,7.00,5,2,0.00,0.00,0,0
1520565466,eth1,0.00,0.00,0.00,0,0,0.00,0.00,0.00,0,0,0.00,0.00,0,0
1520565466,s2,250.00,90.00,340.00,90,250,3.00,1.00,4.00,1,3,0.00,0.00,0,0
1520565466,s2-eth2,6082.00,317264.00,323346.00,317264,6082,85.00,112.00,197.00,112,85,0.00,0.00,0,0
1520565466,s2-eth1,243656.00,5334.00,248990.00,5334,243656,88.00,79.00,167.00,79,88,0.00,0.00,0,0
1520565466,lo,1638.00,1638.00,3276.00,1638,1638,17.00,17.00,34.00,17,17,0.00,0.00,0,0
1520565466,total,251818.00,324956.00,576774.00,324956,251818,195.00,214.00,409.00,214,195,0.00,0.00,0,0
1520565467,eth0,252.00,345.00,597.00,345,252,3.00,3.00,6.00,3,3,0.00,0.00,0,0
1520565467,eth1,0.00,0.00,0.00,0,0,0.00,0.00,0.00,0,0,0.00,0.00,0,0
1520565467,s2,0.00,0.00,0.00,0,0,0.00,0.00,0.00,0,0,0.00,0.00,0,0
1520565467,s2-eth2,9586.00,219592.00,229178.00,219592,9586,107.00,124.00,231.00,124,107,0.00,0.00,0,0
1520565467,s2-eth1,246576.00,9586.00,256162.00,9586,246576,116.00,107.00,223.00,107,116,0.00,0.00,0,0
1520565467,lo,341.00,341.00,682.00,341,341,4.00,4.00,8.00,4,4,0.00,0.00,0,0
1520565467,total,256755.00,229864.00,486619.00,229864,256755,230.00,238.00,468.00,238,230,0.00,0.00,0,0
1520565468,eth0,0.00,60.00,60.00,60,0,0.00,1.00,1.00,1,0,0.00,0.00,0,0
1520565468,eth1,0.00,0.00,0.00,0,0,0.00,0.00,0.00,0,0,0.00,0.00,0,0
1520565468,s2,0.00,0.00,0.00,0,0,0.00,0.00,0.00,0,0,0.00,0.00,0,0
1520565468,s2-eth2,8972.00,220772.00,229744.00,220772,8972,124.00,98.00,222.00,98,124,0.00,0.00,0,0
1520565468,s2-eth1,247302.00,8972.00,256274.00,8972,247302,127.00,124.00,251.00,124,127,0.00,0.00,0,0
1520565468,lo,0.00,0.00,0.00,0,0,0.00,0.00,0.00,0,0,0.00,0.00,0,0
1520565468,total,256274.00,229804.00,486078.00,229804,256274,251.00,223.00,474.00,223,251,0.00,0.00,0,0
1520565469,eth0,0.00,60.00,60.00,60,0,0.00,1.00,1.00,1,0,0.00,0.00,0,0
1520565469,eth1,0.00,0.00,0.00,0,0,0.00,0.00,0.00,0,0,0.00,0.00,0,0
1520565469,s2,0.00,140.00,140.00,140,0,0.00,2.00,2.00,2,0,0.00,0.00,0,0
1520565469,s2-eth2,5558.00,244666.00,250224.00,244666,5558,83.00,87.00,170.00,87,83,0.00,0.00,0,0
1520565469,s2-eth1,245916.00,5488.00,251404.00,5488,245916,84.00,82.00,166.00,82,84,0.00,0.00,0,0
1520565469,lo,536.00,536.00,1072.00,536,536,6.00,6.00,12.00,6,6,0.00,0.00,0,0
1520565469,total,252010.00,250890.00,502900.00,250890,252010,173.00,178.00,351.00,178,173,0.00,0.00,0,0
1520565470,eth0,0.00,60.00,60.00,60,0,0.00,1.00,1.00,1,0,0.00,0.00,0,0
1520565470,eth1,0.00,0.00,0.00,0,0,0.00,0.00,0.00,0,0,0.00,0.00,0,0
1520565470,s2,70.00,0.00,70.00,0,70,1.00,0.00,1.00,0,1,0.00,0.00,0,0
1520565470,s2-eth2,8298.00,203792.00,212090.00,203792,8298,105.00,104.00,209.00,104,105,0.00,0.00,0,0
1520565470,s2-eth1,239476.00,7886.00,247362.00,7886,239476,118.00,103.00,221.00,103,118,0.00,0.00,0,0
1520565470,lo,268.00,268.00,536.00,268,268,3.00,3.00,6.00,3,3,0.00,0.00,0,0
1520565470,total,248112.00,212006.00,460118.00,212006,248112,227.00,211.00,438.00,211,227,0.00,0.00,0,0
1520565471,eth0,0.00,60.00,60.00,60,0,0.00,1.00,1.00,1,0,0.00,0.00,0,0
1520565471,eth1,0.00,0.00,0.00,0,0,0.00,0.00,0.00,0,0,0.00,0.00,0,0
1520565471,s2,0.00,0.00,0.00,0,0,0.00,0.00,0.00,0,0,0.00,0.00,0,0
1520565471,s2-eth2,4796.00,145864.00,150660.00,145864,4796,66.00,60.00,126.00,60,66,0.00,0.00,0,0
1520565471,s2-eth1,145996.00,4796.00,150792.00,4796,145996,62.00,66.00,128.00,66,62,0.00,0.00,0,0
1520565471,lo,0.00,0.00,0.00,0,0,0.00,0.00,0.00,0,0,0.00,0.00,0,0
1520565471,total,150792.00,150720.00,301512.00,150720,150792,128.00,127.00,255.00,127,128,0.00,0.00,0,0
1520565472,eth0,0.00,60.00,60.00,60,0,0.00,1.00,1.00,1,0,0.00,0.00,0,0
1520565472,eth1,0.00,0.00,0.00,0,0,0.00,0.00,0.00,0,0,0.00,0.00,0,0
1520565472,s2,0.00,0.00,0.00,0,0,0.00,0.00,0.00,0,0,0.00,0.00,0,0
1520565472,s2-eth2,2736.00,115716.00,118452.00,115716,2736,40.00,42.00,82.00,42,40,0.00,0.00,0,0
1520565472,s2-eth1,115716.00,2736.00,118452.00,2736,115716,42.00,40.00,82.00,40,42,0.00,0.00,0,0
1520565472,lo,0.00,0.00,0.00,0,0,0.00,0.00,0.00,0,0,0.00,0.00,0,0
1520565472,total,118452.00,118512.00,236964.00,118512,118452,82.00,83.00,165.00,83,82,0.00,0.00,0,0
1520565473,eth0,0.00,60.00,60.00,60,0,0.00,1.00,1.00,1,0,0.00,0.00,0,0
1520565473,eth1,0.00,0.00,0.00,0,0,0.00,0.00,0.00,0,0,0.00,0.00,0,0
1520565473,s2,0.00,140.00,140.00,140,0,0.00,2.00,2.00,2,0,0.00,0.00,0,0
1520565473,s2-eth2,3112.00,107230.00,110342.00,107230,3112,44.00,45.00,89.00,45,44,0.00,0.00,0,0
1520565473,s2-eth1,101718.00,3042.00,104760.00,3042,101718,45.00,43.00,88.00,43,45,0.00,0.00,0,0
1520565473,lo,536.00,536.00,1072.00,536,536,6.00,6.00,12.00,6,6,0.00,0.00,0,0
1520565473,total,105366.00,111008.00,216374.00,111008,105366,95.00,97.00,192.00,97,95,0.00,0.00,0,0
1520565474,eth0,0.00,0.00,0.00,0,0,0.00,0.00,0.00,0,0,0.00,0.00,0,0
1520565474,eth1,0.00,0.00,0.00,0,0,0.00,0.00,0.00,0,0,0.00,0.00,0,0
1520565474,s2,69.86,0.00,69.86,0,70,1.00,0.00,1.00,0,1,0.00,0.00,0,0
1520565474,s2-eth2,3036.96,136115.89,139152.84,136252,3040,45.95,45.95,91.91,46,46,0.00,0.00,0,0
1520565474,s2-eth1,133226.78,2967.03,136193.81,2970,133360,45.95,44.96,90.91,45,46,0.00,0.00,0,0
1520565474,lo,267.73,267.73,535.46,268,268,3.00,3.00,5.99,3,3,0.00,0.00,0,0
1520565474,total,136601.41,139350.66,275952.06,139490,136738,95.90,93.91,189.81,94,96,0.00,0.00,0,0
1520565475,eth0,0.00,60.00,60.00,60,0,0.00,1.00,1.00,1,0,0.00,0.00,0,0
1520565475,eth1,0.00,0.00,0.00,0,0,0.00,0.00,0.00,0,0,0.00,0.00,0,0
1520565475,s2,0.00,0.00,0.00,0,0,0.00,0.00,0.00,0,0,0.00,0.00,0,0
1520565475,s2-eth2,2772.00,130328.00,133100.00,130328,2772,42.00,44.00,86.00,44,42,0.00,0.00,0,0
1520565475,s2-eth1,136252.00,2772.00,139024.00,2772,136252,46.00,42.00,88.00,42,46,0.00,0.00,0,0
1520565475,lo,0.00,0.00,0.00,0,0,0.00,0.00,0.00,0,0,0.00,0.00,0,0
1520565475,total,139024.00,133160.00,272184.00,133160,139024,88.00,87.00,175.00,87,88,0.00,0.00,0,0
1520565476,eth0,0.00,60.00,60.00,60,0,0.00,1.00,1.00,1,0,0.00,0.00,0,0
1520565476,eth1,0.00,0.00,0.00,0,0,0.00,0.00,0.00,0,0,0.00,0.00,0,0
1520565476,s2,0.00,0.00,0.00,0,0,0.00,0.00,0.00,0,0,0.00,0.00,0,0
1520565476,s2-eth2,3168.00,142176.00,145344.00,142176,3168,48.00,48.00,96.00,48,48,0.00,0.00,0,0
1520565476,s2-eth1,133290.00,3168.00,136458.00,3168,133290,45.00,48.00,93.00,48,45,0.00,0.00,0,0
1520565476,lo,0.00,0.00,0.00,0,0,0.00,0.00,0.00,0,0,0.00,0.00,0,0
1520565476,total,136458.00,145404.00,281862.00,145404,136458,93.00,97.00,190.00,97,93,0.00,0.00,0,0
1520565477,eth0,0.00,60.00,60.00,60,0,0.00,1.00,1.00,1,0,0.00,0.00,0,0
1520565477,eth1,0.00,0.00,0.00,0,0,0.00,0.00,0.00,0,0,0.00,0.00,0,0
1520565477,s2,0.00,0.00,0.00,0,0,0.00,0.00,0.00,0,0,0.00,0.00,0,0
1520565477,s2-eth2,3198.00,114862.00,118060.00,114862,3198,45.00,51.00,96.00,51,45,0.00,0.00,0,0
1520565477,s2-eth1,119272.00,3198.00,122470.00,3198,119272,52.00,45.00,97.00,45,52,0.00,0.00,0,0
1520565477,lo,0.00,0.00,0.00,0,0,0.00,0.00,0.00,0,0,0.00,0.00,0,0
1520565477,total,122470.00,118120.00,240590.00,118120,122470,97.00,97.00,194.00,97,97,0.00,0.00,0,0
1520565478,eth0,0.00,0.00,0.00,0,0,0.00,0.00,0.00,0,0,0.00,0.00,0,0
1520565478,eth1,0.00,0.00,0.00,0,0,0.00,0.00,0.00,0,0,0.00,0.00,0,0
1520565478,s2,0.00,0.00,0.00,0,0,0.00,0.00,0.00,0,0,0.00,0.00,0,0
1520565478,s2-eth2,2598.00,104000.00,106598.00,104000,2598,37.00,40.00,77.00,40,37,0.00,0.00,0,0
1520565478,s2-eth1,95048.00,2598.00,97646.00,2598,95048,36.00,37.00,73.00,37,36,0.00,0.00,0,0
1520565478,lo,172.00,172.00,344.00,172,172,3.00,3.00,6.00,3,3,0.00,0.00,0,0
1520565478,total,97818.00,106770.00,204588.00,106770,97818,76.00,80.00,156.00,80,76,0.00,0.00,0,0
1520565479,eth0,0.00,0.00,0.00,0,0,0.00,0.00,0.00,0,0,0.00,0.00,0,0
1520565479,eth1,0.00,0.00,0.00,0,0,0.00,0.00,0.00,0,0,0.00,0.00,0,0
1520565479,s2,0.00,0.00,0.00,0,0,0.00,0.00,0.00,0,0,0.00,0.00,0,0
1520565479,s2-eth2,2130.00,74380.00,76510.00,74380,2130,31.00,30.00,61.00,30,31,0.00,0.00,0,0
1520565479,s2-eth1,80370.00,2130.00,82500.00,2130,80370,33.00,31.00,64.00,31,33,0.00,0.00,0,0
1520565479,lo,0.00,0.00,0.00,0,0,0.00,0.00,0.00,0,0,0.00,0.00,0,0
1520565479,total,82500.00,76510.00,159010.00,76510,82500,64.00,61.00,125.00,61,64,0.00,0.00,0,0
1520565480,eth0,0.00,60.00,60.00,60,0,0.00,1.00,1.00,1,0,0.00,0.00,0,0
1520565480,eth1,0.00,0.00,0.00,0,0,0.00,0.00,0.00,0,0,0.00,0.00,0,0
1520565480,s2,0.00,0.00,0.00,0,0,0.00,0.00,0.00,0,0,0.00,0.00,0,0
1520565480,s2-eth2,1782.00,85898.00,87680.00,85898,1782,27.00,29.00,56.00,29,27,0.00,0.00,0,0
1520565480,s2-eth1,71088.00,1782.00,72870.00,1782,71088,24.00,27.00,51.00,27,24,0.00,0.00,0,0
1520565480,lo,0.00,0.00,0.00,0,0,0.00,0.00,0.00,0,0,0.00,0.00,0,0
1520565480,total,72870.00,87740.00,160610.00,87740,72870,51.00,57.00,108.00,57,51,0.00,0.00,0,0
1520565481,eth0,0.00,60.00,60.00,60,0,0.00,1.00,1.00,1,0,0.00,0.00,0,0
1520565481,eth1,0.00,0.00,0.00,0,0,0.00,0.00,0.00,0,0,0.00,0.00,0,0
1520565481,s2,0.00,0.00,0.00,0,0,0.00,0.00,0.00,0,0,0.00,0.00,0,0
1520565481,s2-eth2,2316.00,80238.00,82554.00,80238,2316,30.00,31.00,61.00,31,30,0.00,0.00,0,0
1520565481,s2-eth1,92428.00,1974.00,94402.00,1974,92428,36.00,29.00,65.00,29,36,0.00,0.00,0,0
1520565481,lo,0.00,0.00,0.00,0,0,0.00,0.00,0.00,0,0,0.00,0.00,0,0
1520565481,total,94744.00,82272.00,177016.00,82272,94744,66.00,61.00,127.00,61,66,0.00,0.00,0,0
1520565482,eth0,0.00,60.00,60.00,60,0,0.00,1.00,1.00,1,0,0.00,0.00,0,0
1520565482,eth1,0.00,0.00,0.00,0,0,0.00,0.00,0.00,0,0,0.00,0.00,0,0
1520565482,s2,0.00,0.00,0.00,0,0,0.00,0.00,0.00,0,0,0.00,0.00,0,0
1520565482,s2-eth2,2172.00,83200.00,85372.00,83200,2172,32.00,32.00,64.00,32,32,0.00,0.00,0,0
1520565482,s2-eth1,68390.00,2172.00,70562.00,2172,68390,27.00,32.00,59.00,32,27,0.00,0.00,0,0
1520565482,lo,0.00,0.00,0.00,0,0,0.00,0.00,0.00,0,0,0.00,0.00,0,0
1520565482,total,70562.00,85432.00,155994.00,85432,70562,59.00,65.00,124.00,65,59,0.00,0.00,0,0
1520565483,eth0,0.00,60.00,60.00,60,0,0.00,1.00,1.00,1,0,0.00,0.00,0,0
1520565483,eth1,342.00,590.00,932.00,590,342,1.00,1.00,2.00,1,1,0.00,0.00,0,0
1520565483,s2,0.00,0.00,0.00,0,0,0.00,0.00,0.00,0,0,0.00,0.00,0,0
1520565483,s2-eth2,1716.00,79974.00,81690.00,79974,1716,26.00,27.00,53.00,27,26,0.00,0.00,0,0
1520565483,s2-eth1,91822.00,1716.00,93538.00,1716,91822,31.00,26.00,57.00,26,31,0.00,0.00,0,0
1520565483,lo,172.00,172.00,344.00,172,172,3.00,3.00,6.00,3,3,0.00,0.00,0,0
1520565483,total,94052.00,82512.00,176564.00,82512,94052,61.00,58.00,119.00,58,61,0.00,0.00,0,0
1520565484,eth0,0.00,60.00,60.00,60,0,0.00,1.00,1.00,1,0,0.00,0.00,0,0
1520565484,eth1,0.00,0.00,0.00,0,0,0.00,0.00,0.00,0,0,0.00,0.00,0,0
1520565484,s2,0.00,0.00,0.00,0,0,0.00,0.00,0.00,0,0,0.00,0.00,0,0
1520565484,s2-eth2,2442.00,115518.00,117960.00,115518,2442,37.00,39.00,76.00,39,37,0.00,0.00,0,0
1520565484,s2-eth1,94784.00,2442.00,97226.00,2442,94784,32.00,37.00,69.00,37,32,0.00,0.00,0,0
1520565484,lo,0.00,0.00,0.00,0,0,0.00,0.00,0.00,0,0,0.00,0.00,0,0
1520565484,total,97226.00,118020.00,215246.00,118020,97226,69.00,77.00,146.00,77,69,0.00,0.00,0,0
1520565485,eth0,0.00,275.00,275.00,275,0,0.00,2.00,2.00,2,0,0.00,0.00,0,0
1520565485,eth1,0.00,0.00,0.00,0,0,0.00,0.00,0.00,0,0,0.00,0.00,0,0
1520565485,s2,0.00,0.00,0.00,0,0,0.00,0.00,0.00,0,0,0.00,0.00,0,0
1520565485,s2-eth2,3300.00,168834.00,172134.00,168834,3300,50.00,57.00,107.00,57,50,0.00,0.00,0,0
1520565485,s2-eth1,168834.00,3300.00,172134.00,3300,168834,57.00,50.00,107.00,50,57,0.00,0.00,0,0
1520565485,lo,0.00,0.00,0.00,0,0,0.00,0.00,0.00,0,0,0.00,0.00,0,0
1520565485,total,172134.00,172409.00,344543.00,172409,172134,107.00,109.00,216.00,109,107,0.00,0.00,0,0
1520565486,eth0,0.00,0.00,0.00,0,0,0.00,0.00,0.00,0,0,0.00,0.00,0,0
1520565486,eth1,0.00,0.00,0.00,0,0,0.00,0.00,0.00,0,0,0.00,0.00,0,0
1520565486,s2,0.00,0.00,0.00,0,0,0.00,0.00,0.00,0,0,0.00,0.00,0,0
1520565486,s2-eth2,4678.00,160674.00,165352.00,160674,4678,65.00,65.00,130.00,65,65,0.00,0.00,0,0
1520565486,s2-eth1,166598.00,4678.00,171276.00,4678,166598,67.00,65.00,132.00,65,67,0.00,0.00,0,0
1520565486,lo,0.00,0.00,0.00,0,0,0.00,0.00,0.00,0,0,0.00,0.00,0,0
1520565486,total,171276.00,165352.00,336628.00,165352,171276,132.00,130.00,262.00,130,132,0.00,0.00,0,0
1520565487,eth0,0.00,60.00,60.00,60,0,0.00,1.00,1.00,1,0,0.00,0.00,0,0
1520565487,eth1,0.00,0.00,0.00,0,0,0.00,0.00,0.00,0,0,0.00,0.00,0,0
1520565487,s2,0.00,0.00,0.00,0,0,0.00,0.00,0.00,0,0,0.00,0.00,0,0
1520565487,s2-eth2,3540.00,133752.00,137292.00,133752,3540,52.00,52.00,104.00,52,52,0.00,0.00,0,0
1520565487,s2-eth1,124866.00,3540.00,128406.00,3540,124866,49.00,52.00,101.00,52,49,0.00,0.00,0,0
1520565487,lo,0.00,0.00,0.00,0,0,0.00,0.00,0.00,0,0,0.00,0.00,0,0
1520565487,total,128406.00,137352.00,265758.00,137352,128406,101.00,105.00,206.00,105,101,0.00,0.00,0,0
1520565488,eth0,0.00,60.00,60.00,60,0,0.00,1.00,1.00,1,0,0.00,0.00,0,0
1520565488,eth1,60.00,60.00,120.00,60,60,1.00,1.00,2.00,1,1,0.00,0.00,0,0
1520565488,s2,0.00,0.00,0.00,0,0,0.00,0.00,0.00,0,0,0.00,0.00,0,0
1520565488,s2-eth2,3096.00,98142.00,101238.00,98142,3096,40.00,39.00,79.00,39,40,0.00,0.00,0,0
1520565488,s2-eth1,98076.00,2754.00,100830.00,2754,98076,38.00,39.00,77.00,39,38,0.00,0.00,0,0
1520565488,lo,172.00,172.00,344.00,172,172,3.00,3.00,6.00,3,3,0.00,0.00,0,0
1520565488,total,101404.00,101188.00,202592.00,101188,101404,82.00,83.00,165.00,83,82,0.00,0.00,0,0
1520565489,eth0,0.00,59.94,59.94,60,0,0.00,1.00,1.00,1,0,0.00,0.00,0,0
1520565489,eth1,0.00,0.00,0.00,0,0,0.00,0.00,0.00,0,0,0.00,0.00,0,0
1520565489,s2,0.00,0.00,0.00,0,0,0.00,0.00,0.00,0,0,0.00,0.00,0,0
1520565489,s2-eth2,2241.76,106525.48,108767.23,106632,2244,33.97,35.96,69.93,36,34,0.00,0.00,0,0
1520565489,s2-eth1,103632.37,2241.76,105874.12,2244,103736,35.96,33.97,69.93,34,36,0.00,0.00,0,0
1520565489,lo,0.00,0.00,0.00,0,0,0.00,0.00,0.00,0,0,0.00,0.00,0,0
1520565489,total,105874.12,108827.18,214701.30,108936,105980,69.93,70.93,140.86,71,70,0.00,0.00,0,0
1520565490,eth0,0.00,86.00,86.00,86,0,0.00,1.00,1.00,1,0,0.00,0.00,0,0
1520565490,eth1,0.00,86.00,86.00,86,0,0.00,1.00,1.00,1,0,0.00,0.00,0,0
1520565490,s2,0.00,0.00,0.00,0,0,0.00,0.00,0.00,0,0,0.00,0.00,0,0
1520565490,s2-eth2,2154.00,90638.00,92792.00,90638,2154,31.00,35.00,66.00,35,31,0.00,0.00,0,0
1520565490,s2-eth1,90572.00,2154.00,92726.00,2154,90572,34.00,31.00,65.00,31,34,0.00,0.00,0,0
1520565490,lo,0.00,0.00,0.00,0,0,0.00,0.00,0.00,0,0,0.00,0.00,0,0
1520565490,total,92726.00,92964.00,185690.00,92964,92726,65.00,68.00,133.00,68,65,0.00,0.00,0,0
1520565491,eth0,0.00,60.00,60.00,60,0,0.00,1.00,1.00,1,0,0.00,0.00,0,0
1520565491,eth1,0.00,0.00,0.00,0,0,0.00,0.00,0.00,0,0,0.00,0.00,0,0
1520565491,s2,0.00,0.00,0.00,0,0,0.00,0.00,0.00,0,0,0.00,0.00,0,0
1520565491,s2-eth2,2004.00,78592.00,80596.00,78592,2004,30.00,28.00,58.00,28,30,0.00,0.00,0,0
1520565491,s2-eth1,72734.00,2004.00,74738.00,2004,72734,27.00,30.00,57.00,30,27,0.00,0.00,0,0
1520565491,lo,0.00,0.00,0.00,0,0,0.00,0.00,0.00,0,0,0.00,0.00,0,0
1520565491,total,74738.00,80656.00,155394.00,80656,74738,57.00,59.00,116.00,59,57,0.00,0.00,0,0
1520565492,eth0,0.00,59.94,59.94,60,0,0.00,1.00,1.00,1,0,0.00,0.00,0,0
1520565492,eth1,0.00,0.00,0.00,0,0,0.00,0.00,0.00,0,0,0.00,0.00,0,0
1520565492,s2,0.00,0.00,0.00,0,0,0.00,0.00,0.00,0,0,0.00,0.00,0,0
1520565492,s2-eth2,1816.18,84563.44,86379.62,84648,1818,26.97,31.97,58.94,32,27,0.00,0.00,0,0
1520565492,s2-eth1,84497.51,1816.18,86313.69,1818,84582,30.97,26.97,57.94,27,31,0.00,0.00,0,0
1520565492,lo,0.00,0.00,0.00,0,0,0.00,0.00,0.00,0,0,0.00,0.00,0,0
1520565492,total,86313.69,86439.56,172753.25,86526,86400,57.94,59.94,117.88,60,58,0.00,0.00,0,0
1520565493,eth0,0.00,60.00,60.00,60,0,0.00,1.00,1.00,1,0,0.00,0.00,0,0
1520565493,eth1,0.00,0.00,0.00,0,0,0.00,0.00,0.00,0,0,0.00,0.00,0,0
1520565493,s2,0.00,0.00,0.00,0,0,0.00,0.00,0.00,0,0,0.00,0.00,0,0
1520565493,s2-eth2,2136.00,90440.00,92576.00,90440,2136,32.00,32.00,64.00,32,32,0.00,0.00,0,0
1520565493,s2-eth1,84582.00,2136.00,86718.00,2136,84582,31.00,32.00,63.00,32,31,0.00,0.00,0,0
1520565493,lo,172.00,172.00,344.00,172,172,3.00,3.00,6.00,3,3,0.00,0.00,0,0
1520565493,total,86890.00,92808.00,179698.00,92808,86890,66.00,68.00,134.00,68,66,0.00,0.00,0,0
1520565494,eth0,0.00,60.00,60.00,60,0,0.00,1.00,1.00,1,0,0.00,0.00,0,0
1520565494,eth1,0.00,0.00,0.00,0,0,0.00,0.00,0.00,0,0,0.00,0.00,0,0
1520565494,s2,0.00,0.00,0.00,0,0,0.00,0.00,0.00,0,0,0.00,0.00,0,0
1520565494,s2-eth2,1980.00,91822.00,93802.00,91822,1980,30.00,31.00,61.00,31,30,0.00,0.00,0,0
1520565494,s2-eth1,95126.00,1980.00,97106.00,1980,95126,33.00,30.00,63.00,30,33,0.00,0.00,0,0
1520565494,lo,0.00,0.00,0.00,0,0,0.00,0.00,0.00,0,0,0.00,0.00,0,0
1520565494,total,97106.00,93862.00,190968.00,93862,97106,63.00,62.00,125.00,62,63,0.00,0.00,0,0
1520565495,eth0,0.00,59.94,59.94,60,0,0.00,1.00,1.00,1,0,0.00,0.00,0,0
1520565495,eth1,0.00,0.00,0.00,0,0,0.00,0.00,0.00,0,0,0.00,0.00,0,0
1520565495,s2,0.00,0.00,0.00,0,0,0.00,0.00,0.00,0,0,0.00,0.00,0,0
1520565495,s2-eth2,2103.90,86075.93,88179.82,86162,2106,30.97,32.97,63.94,33,31,0.00,0.00,0,0
1520565495,s2-eth1,77198.80,2103.90,79302.70,2106,77276,29.97,30.97,60.94,31,30,0.00,0.00,0,0
1520565495,lo,0.00,0.00,0.00,0,0,0.00,0.00,0.00,0,0,0.00,0.00,0,0
1520565495,total,79302.70,88239.77,167542.47,88328,79382,60.94,64.94,125.87,65,61,0.00,0.00,0,0
1520565496,eth0,0.00,60.00,60.00,60,0,0.00,1.00,1.00,1,0,0.00,0.00,0,0
1520565496,eth1,0.00,0.00,0.00,0,0,0.00,0.00,0.00,0,0,0.00,0.00,0,0
1520565496,s2,0.00,0.00,0.00,0,0,0.00,0.00,0.00,0,0,0.00,0.00,0,0
1520565496,s2-eth2,2046.00,91822.00,93868.00,91822,2046,31.00,31.00,62.00,31,31,0.00,0.00,0,0
1520565496,s2-eth1,103670.00,2046.00,105716.00,2046,103670,35.00,31.00,66.00,31,35,0.00,0.00,0,0
1520565496,lo,0.00,0.00,0.00,0,0,0.00,0.00,0.00,0,0,0.00,0.00,0,0
1520565496,total,105716.00,93928.00,199644.00,93928,105716,66.00,63.00,129.00,63,66,0.00,0.00,0,0
1520565497,eth0,0.00,0.00,0.00,0,0,0.00,0.00,0.00,0,0,0.00,0.00,0,0
1520565497,eth1,0.00,0.00,0.00,0,0,0.00,0.00,0.00,0,0,0.00,0.00,0,0
1520565497,s2,0.00,0.00,0.00,0,0,0.00,0.00,0.00,0,0,0.00,0.00,0,0
1520565497,s2-eth2,2310.00,106632.00,108942.00,106632,2310,35.00,36.00,71.00,36,35,0.00,0.00,0,0
1520565497,s2-eth1,91822.00,2310.00,94132.00,2310,91822,31.00,35.00,66.00,35,31,0.00,0.00,0,0
1520565497,lo,0.00,0.00,0.00,0,0,0.00,0.00,0.00,0,0,0.00,0.00,0,0
1520565497,total,94132.00,108942.00,203074.00,108942,94132,66.00,71.00,137.00,71,66,0.00,0.00,0,0
1520565498,eth0,0.00,60.00,60.00,60,0,0.00,1.00,1.00,1,0,0.00,0.00,0,0
1520565498,eth1,0.00,0.00,0.00,0,0,0.00,0.00,0.00,0,0,0.00,0.00,0,0
1520565498,s2,0.00,0.00,0.00,0,0,0.00,0.00,0.00,0,0,0.00,0.00,0,0
1520565498,s2-eth2,2442.00,109594.00,112036.00,109594,2442,37.00,37.00,74.00,37,37,0.00,0.00,0,0
1520565498,s2-eth1,124404.00,2442.00,126846.00,2442,124404,42.00,37.00,79.00,37,42,0.00,0.00,0,0
1520565498,lo,172.00,172.00,344.00,172,172,3.00,3.00,6.00,3,3,0.00,0.00,0,0
1520565498,total,127018.00,112268.00,239286.00,112268,127018,82.00,78.00,160.00,78,82,0.00,0.00,0,0
1520565499,eth0,0.00,60.00,60.00,60,0,0.00,1.00,1.00,1,0,0.00,0.00,0,0
1520565499,eth1,0.00,0.00,0.00,0,0,0.00,0.00,0.00,0,0,0.00,0.00,0,0
1520565499,s2,0.00,0.00,0.00,0,0,0.00,0.00,0.00,0,0,0.00,0.00,0,0
1520565499,s2-eth2,3000.00,124602.00,127602.00,124602,3000,44.00,45.00,89.00,45,44,0.00,0.00,0,0
1520565499,s2-eth1,103868.00,3000.00,106868.00,3000,103868,38.00,44.00,82.00,44,38,0.00,0.00,0,0
1520565499,lo,0.00,0.00,0.00,0,0,0.00,0.00,0.00,0,0,0.00,0.00,0,0
1520565499,total,106868.00,127662.00,234530.00,127662,106868,82.00,90.00,172.00,90,82,0.00,0.00,0,0
1520565500,eth0,0.00,60.00,60.00,60,0,0.00,1.00,1.00,1,0,0.00,0.00,0,0
1520565500,eth1,0.00,0.00,0.00,0,0,0.00,0.00,0.00,0,0,0.00,0.00,0,0
1520565500,s2,0.00,0.00,0.00,0,0,0.00,0.00,0.00,0,0,0.00,0.00,0,0
1520565500,s2-eth2,2706.00,124404.00,127110.00,124404,2706,41.00,42.00,83.00,42,41,0.00,0.00,0,0
1520565500,s2-eth1,142176.00,2706.00,144882.00,2706,142176,48.00,41.00,89.00,41,48,0.00,0.00,0,0
1520565500,lo,0.00,0.00,0.00,0,0,0.00,0.00,0.00,0,0,0.00,0.00,0,0
1520565500,total,144882.00,127170.00,272052.00,127170,144882,89.00,84.00,173.00,84,89,0.00,0.00,0,0
1520565501,eth0,0.00,120.00,120.00,120,0,0.00,2.00,2.00,2,0,0.00,0.00,0,0
1520565501,eth1,0.00,0.00,0.00,0,0,0.00,0.00,0.00,0,0,0.00,0.00,0,0
1520565501,s2,0.00,0.00,0.00,0,0,0.00,0.00,0.00,0,0,0.00,0.00,0,0
1520565501,s2-eth2,2928.00,116046.00,118974.00,116046,2928,42.00,47.00,89.00,47,42,0.00,0.00,0,0
1520565501,s2-eth1,96496.00,2928.00,99424.00,2928,96496,36.00,42.00,78.00,42,36,0.00,0.00,0,0
1520565501,lo,0.00,0.00,0.00,0,0,0.00,0.00,0.00,0,0,0.00,0.00,0,0
1520565501,total,99424.00,119094.00,218518.00,119094,99424,78.00,91.00,169.00,91,78,0.00,0.00,0,0
1520565502,eth0,0.00,0.00,0.00,0,0,0.00,0.00,0.00,0,0,0.00,0.00,0,0
1520565502,eth1,0.00,0.00,0.00,0,0,0.00,0.00,0.00,0,0,0.00,0.00,0,0
1520565502,s2,0.00,0.00,0.00,0,0,0.00,0.00,0.00,0,0,0.00,0.00,0,0
1520565502,s2-eth2,2586.00,91822.00,94408.00,91822,2586,35.00,31.00,66.00,31,35,0.00,0.00,0,0
1520565502,s2-eth1,102486.00,2244.00,104730.00,2244,102486,39.00,34.00,73.00,34,39,0.00,0.00,0,0
1520565502,lo,0.00,0.00,0.00,0,0,0.00,0.00,0.00,0,0,0.00,0.00,0,0
1520565502,total,105072.00,94066.00,199138.00,94066,105072,74.00,65.00,139.00,65,74,0.00,0.00,0,0
1520565503,eth0,0.00,60.00,60.00,60,0,0.00,1.00,1.00,1,0,0.00,0.00,0,0
1520565503,eth1,0.00,0.00,0.00,0,0,0.00,0.00,0.00,0,0,0.00,0.00,0,0
1520565503,s2,0.00,0.00,0.00,0,0,0.00,0.00,0.00,0,0,0.00,0.00,0,0
1520565503,s2-eth2,2442.00,115518.00,117960.00,115518,2442,37.00,39.00,76.00,39,37,0.00,0.00,0,0
1520565503,s2-eth1,103670.00,2508.00,106178.00,2508,103670,35.00,38.00,73.00,38,35,0.00,0.00,0,0
1520565503,lo,172.00,172.00,344.00,172,172,3.00,3.00,6.00,3,3,0.00,0.00,0,0
1520565503,total,106284.00,118258.00,224542.00,118258,106284,75.00,81.00,156.00,81,75,0.00,0.00,0,0
1520565504,eth0,0.00,60.00,60.00,60,0,0.00,1.00,1.00,1,0,0.00,0.00,0,0
1520565504,eth1,0.00,0.00,0.00,0,0,0.00,0.00,0.00,0,0,0.00,0.00,0,0
1520565504,s2,0.00,0.00,0.00,0,0,0.00,0.00,0.00,0,0,0.00,0.00,0,0
1520565504,s2-eth2,2574.00,118480.00,121054.00,118480,2574,39.00,40.00,79.00,40,39,0.00,0.00,0,0
1520565504,s2-eth1,130328.00,2508.00,132836.00,2508,130328,44.00,38.00,82.00,38,44,0.00,0.00,0,0
1520565504,lo,0.00,0.00,0.00,0,0,0.00,0.00,0.00,0,0,0.00,0.00,0,0
1520565504,total,132902.00,121048.00,253950.00,121048,132902,83.00,79.00,162.00,79,83,0.00,0.00,0,0
1520565505,eth0,0.00,60.00,60.00,60,0,0.00,1.00,1.00,1,0,0.00,0.00,0,0
1520565505,eth1,0.00,0.00,0.00,0,0,0.00,0.00,0.00,0,0,0.00,0.00,0,0
1520565505,s2,0.00,0.00,0.00,0,0,0.00,0.00,0.00,0,0,0.00,0.00,0,0
1520565505,s2-eth2,3084.00,140860.00,143944.00,140860,3084,46.00,50.00,96.00,50,46,0.00,0.00,0,0
1520565505,s2-eth1,130328.00,3084.00,133412.00,3084,130328,44.00,46.00,90.00,46,44,0.00,0.00,0,0
1520565505,lo,0.00,0.00,0.00,0,0,0.00,0.00,0.00,0,0,0.00,0.00,0,0
1520565505,total,133412.00,144004.00,277416.00,144004,133412,90.00,97.00,187.00,97,90,0.00,0.00,0,0
1520565506,eth0,0.00,60.00,60.00,60,0,0.00,1.00,1.00,1,0,0.00,0.00,0,0
1520565506,eth1,0.00,0.00,0.00,0,0,0.00,0.00,0.00,0,0,0.00,0.00,0,0
1520565506,s2,0.00,0.00,0.00,0,0,0.00,0.00,0.00,0,0,0.00,0.00,0,0
1520565506,s2-eth2,2694.00,93930.00,96624.00,93930,2694,39.00,41.00,80.00,41,39,0.00,0.00,0,0
1520565506,s2-eth1,101500.00,2694.00,104194.00,2694,101500,46.00,39.00,85.00,39,46,0.00,0.00,0,0
1520565506,lo,0.00,0.00,0.00,0,0,0.00,0.00,0.00,0,0,0.00,0.00,0,0
1520565506,total,104194.00,96684.00,200878.00,96684,104194,85.00,81.00,166.00,81,85,0.00,0.00,0,0
1520565507,eth0,0.00,60.00,60.00,60,0,0.00,1.00,1.00,1,0,0.00,0.00,0,0
1520565507,eth1,0.00,0.00,0.00,0,0,0.00,0.00,0.00,0,0,0.00,0.00,0,0
1520565507,s2,0.00,0.00,0.00,0,0,0.00,0.00,0.00,0,0,0.00,0.00,0,0
1520565507,s2-eth2,2172.00,89124.00,91296.00,89124,2172,32.00,34.00,66.00,34,32,0.00,0.00,0,0
1520565507,s2-eth1,71352.00,2172.00,73524.00,2172,71352,28.00,32.00,60.00,32,28,0.00,0.00,0,0
1520565507,lo,0.00,0.00,0.00,0,0,0.00,0.00,0.00,0,0,0.00,0.00,0,0
1520565507,total,73524.00,91356.00,164880.00,91356,73524,60.00,67.00,127.00,67,60,0.00,0.00,0,0
1520565508,eth0,0.00,60.00,60.00,60,0,0.00,1.00,1.00,1,0,0.00,0.00,0,0
1520565508,eth1,0.00,0.00,0.00,0,0,0.00,0.00,0.00,0,0,0.00,0.00,0,0
1520565508,s2,0.00,0.00,0.00,0,0,0.00,0.00,0.00,0,0,0.00,0.00,0,0
1520565508,s2-eth2,1908.00,83200.00,85108.00,83200,1908,28.00,32.00,60.00,32,28,0.00,0.00,0,0
1520565508,s2-eth1,93534.00,1908.00,95442.00,1908,93534,35.00,28.00,63.00,28,35,0.00,0.00,0,0
1520565508,lo,172.00,172.00,344.00,172,172,3.00,3.00,6.00,3,3,0.00,0.00,0,0
1520565508,total,95614.00,85340.00,180954.00,85340,95614,66.00,64.00,130.00,64,66,0.00,0.00,0,0
1520565509,eth0,0.00,0.00,0.00,0,0,0.00,0.00,0.00,0,0,0.00,0.00,0,0
1520565509,eth1,0.00,0.00,0.00,0,0,0.00,0.00,0.00,0,0,0.00,0.00,0,0
1520565509,s2,0.00,0.00,0.00,0,0,0.00,0.00,0.00,0,0,0.00,0.00,0,0
1520565509,s2-eth2,2235.76,83116.88,85352.65,83200,2238,32.97,31.97,64.94,32,33,0.00,0.00,0,0
1520565509,s2-eth1,69834.16,2235.76,72069.93,2238,69904,27.97,32.97,60.94,33,28,0.00,0.00,0,0
1520565509,lo,0.00,0.00,0.00,0,0,0.00,0.00,0.00,0,0,0.00,0.00,0,0
1520565509,total,72069.93,85352.65,157422.58,85438,72142,60.94,64.94,125.87,65,61,0.00,0.00,0,0
1520565510,eth0,0.00,60.00,60.00,60,0,0.00,1.00,1.00,1,0,0.00,0.00,0,0
1520565510,eth1,0.00,0.00,0.00,0,0,0.00,0.00,0.00,0,0,0.00,0.00,0,0
1520565510,s2,0.00,0.00,0.00,0,0,0.00,0.00,0.00,0,0,0.00,0.00,0,0
1520565510,s2-eth2,1980.00,91822.00,93802.00,91822,1980,30.00,31.00,61.00,31,30,0.00,0.00,0,0
1520565510,s2-eth1,100708.00,1980.00,102688.00,1980,100708,34.00,30.00,64.00,30,34,0.00,0.00,0,0
1520565510,lo,0.00,0.00,0.00,0,0,0.00,0.00,0.00,0,0,0.00,0.00,0,0
1520565510,total,102688.00,93862.00,196550.00,93862,102688,64.00,62.00,126.00,62,64,0.00,0.00,0,0
1520565511,eth0,596.00,738.00,1334.00,738,596,6.00,6.00,12.00,6,6,0.00,0.00,0,0
1520565511,eth1,0.00,0.00,0.00,0,0,0.00,0.00,0.00,0,0,0.00,0.00,0,0
1520565511,s2,0.00,0.00,0.00,0,0,0.00,0.00,0.00,0,0,0.00,0.00,0,0
1520565511,s2-eth2,2610.00,100708.00,103318.00,100708,2610,35.00,34.00,69.00,34,35,0.00,0.00,0,0
1520565511,s2-eth1,88860.00,2178.00,91038.00,2178,88860,30.00,33.00,63.00,33,30,0.00,0.00,0,0
1520565511,lo,682.00,682.00,1364.00,682,682,8.00,8.00,16.00,8,8,0.00,0.00,0,0
1520565511,total,92748.00,104306.00,197054.00,104306,92748,79.00,81.00,160.00,81,79,0.00,0.00,0,0
1520565512,eth0,192.00,345.00,537.00,345,192,2.00,3.00,5.00,3,2,0.00,0.00,0,0
1520565512,eth1,0.00,0.00,0.00,0,0,0.00,0.00,0.00,0,0,0.00,0.00,0,0
1520565512,s2,0.00,0.00,0.00,0,0,0.00,0.00,0.00,0,0,0.00,0.00,0,0
1520565512,s2-eth2,2346.00,100708.00,103054.00,100708,2346,35.00,34.00,69.00,34,35,0.00,0.00,0,0
1520565512,s2-eth1,116118.00,2178.00,118296.00,2178,116118,43.00,33.00,76.00,33,43,0.00,0.00,0,0
1520565512,lo,341.00,341.00,682.00,341,341,4.00,4.00,8.00,4,4,0.00,0.00,0,0
1520565512,total,118997.00,103572.00,222569.00,103572,118997,84.00,74.00,158.00,74,84,0.00,0.00,0,0
1520565513,eth0,384.00,570.00,954.00,570,384,4.00,4.00,8.00,4,4,0.00,0.00,0,0
1520565513,eth1,0.00,0.00,0.00,0,0,0.00,0.00,0.00,0,0,0.00,0.00,0,0
1520565513,s2,0.00,0.00,0.00,0,0,0.00,0.00,0.00,0,0,0.00,0.00,0,0
1520565513,s2-eth2,2938.00,109966.00,112904.00,109966,2938,43.00,43.00,86.00,43,43,0.00,0.00,0,0
1520565513,s2-eth1,92444.00,2688.00,95132.00,2688,92444,40.00,40.00,80.00,40,40,0.00,0.00,0,0
1520565513,lo,978.00,978.00,1956.00,978,978,11.00,11.00,22.00,11,11,0.00,0.00,0,0
1520565513,total,96744.00,114202.00,210946.00,114202,96744,98.00,98.00,196.00,98,98,0.00,0.00,0,0
1520565514,eth0,192.00,345.00,537.00,345,192,2.00,3.00,5.00,3,2,0.00,0.00,0,0
1520565514,eth1,0.00,0.00,0.00,0,0,0.00,0.00,0.00,0,0,0.00,0.00,0,0
1520565514,s2,0.00,0.00,0.00,0,0,0.00,0.00,0.00,0,0,0.00,0.00,0,0
1520565514,s2-eth2,2178.00,103670.00,105848.00,103670,2178,33.00,35.00,68.00,35,33,0.00,0.00,0,0
1520565514,s2-eth1,118822.00,2178.00,121000.00,2178,118822,41.00,33.00,74.00,33,41,0.00,0.00,0,0
1520565514,lo,341.00,341.00,682.00,341,341,4.00,4.00,8.00,4,4,0.00,0.00,0,0
1520565514,total,121533.00,106534.00,228067.00,106534,121533,80.00,75.00,155.00,75,80,0.00,0.00,0,0
1520565515,eth0,0.00,60.00,60.00,60,0,0.00,1.00,1.00,1,0,0.00,0.00,0,0
1520565515,eth1,0.00,0.00,0.00,0,0,0.00,0.00,0.00,0,0,0.00,0.00,0,0
1520565515,s2,0.00,0.00,0.00,0,0,0.00,0.00,0.00,0,0,0.00,0.00,0,0
1520565515,s2-eth2,3186.00,115848.00,119034.00,115848,3186,43.00,44.00,87.00,44,43,0.00,0.00,0,0
1520565515,s2-eth1,98076.00,2844.00,100920.00,2844,98076,38.00,42.00,80.00,42,38,0.00,0.00,0,0
1520565515,lo,0.00,0.00,0.00,0,0,0.00,0.00,0.00,0,0,0.00,0.00,0,0
1520565515,total,101262.00,118752.00,220014.00,118752,101262,81.00,87.00,168.00,87,81,0.00,0.00,0,0
1520565516,eth0,146.00,198.00,344.00,198,146,2.00,3.00,5.00,3,2,0.00,0.00,0,0
1520565516,eth1,0.00,0.00,0.00,0,0,0.00,0.00,0.00,0,0,0.00,0.00,0,0
1520565516,s2,0.00,0.00,0.00,0,0,0.00,0.00,0.00,0,0,0.00,0.00,0,0
1520565516,s2-eth2,2520.00,87808.00,90328.00,87808,2520,36.00,36.00,72.00,36,36,0.00,0.00,0,0
1520565516,s2-eth1,96628.00,2520.00,99148.00,2520,96628,38.00,36.00,74.00,36,38,0.00,0.00,0,0
1520565516,lo,0.00,0.00,0.00,0,0,0.00,0.00,0.00,0,0,0.00,0.00,0,0
1520565516,total,99294.00,90526.00,189820.00,90526,99294,76.00,75.00,151.00,75,76,0.00,0.00,0,0
1520565517,eth0,0.00,60.00,60.00,60,0,0.00,1.00,1.00,1,0,0.00,0.00,0,0
1520565517,eth1,0.00,0.00,0.00,0,0,0.00,0.00,0.00,0,0,0.00,0.00,0,0
1520565517,s2,0.00,0.00,0.00,0,0,0.00,0.00,0.00,0,0,0.00,0.00,0,0
1520565517,s2-eth2,1372.00,49038.00,50410.00,49038,1372,20.00,19.00,39.00,19,20,0.00,0.00,0,0
1520565517,s2-eth1,40222.00,1302.00,41524.00,1302,40222,17.00,19.00,36.00,19,17,0.00,0.00,0,0
1520565517,lo,172.00,172.00,344.00,172,172,3.00,3.00,6.00,3,3,0.00,0.00,0,0
1520565517,total,41766.00,50572.00,92338.00,50572,41766,40.00,42.00,82.00,42,40,0.00,0.00,0,0
1520565518,eth0,0.00,60.00,60.00,60,0,0.00,1.00,1.00,1,0,0.00,0.00,0,0
1520565518,eth1,0.00,0.00,0.00,0,0,0.00,0.00,0.00,0,0,0.00,0.00,0,0
1520565518,s2,0.00,0.00,0.00,0,0,0.00,0.00,0.00,0,0,0.00,0.00,0,0
1520565518,s2-eth2,1158.00,47524.00,48682.00,47524,1158,17.00,18.00,35.00,18,17,0.00,0.00,0,0
1520565518,s2-eth1,53448.00,1158.00,54606.00,1158,53448,20.00,17.00,37.00,17,20,0.00,0.00,0,0
1520565518,lo,0.00,0.00,0.00,0,0,0.00,0.00,0.00,0,0,0.00,0.00,0,0
1520565518,total,54606.00,48742.00,103348.00,48742,54606,37.00,36.00,73.00,36,37,0.00,0.00,0,0
1520565519,eth0,0.00,60.00,60.00,60,0,0.00,1.00,1.00,1,0,0.00,0.00,0,0
1520565519,eth1,0.00,0.00,0.00,0,0,0.00,0.00,0.00,0,0,0.00,0.00,0,0
1520565519,s2,0.00,0.00,0.00,0,0,0.00,0.00,0.00,0,0,0.00,0.00,0,0
1520565519,s2-eth2,1332.00,57792.00,59124.00,57792,1332,20.00,20.00,40.00,20,20,0.00,0.00,0,0
1520565519,s2-eth1,50696.00,1332.00,52028.00,1332,50696,18.00,20.00,38.00,20,18,0.00,0.00,0,0
1520565519,lo,0.00,0.00,0.00,0,0,0.00,0.00,0.00,0,0,0.00,0.00,0,0
1520565519,total,52028.00,59184.00,111212.00,59184,52028,38.00,41.00,79.00,41,38,0.00,0.00,0,0
1520565520,eth0,0.00,86.00,86.00,86,0,0.00,1.00,1.00,1,0,0.00,0.00,0,0
1520565520,eth1,0.00,86.00,86.00,86,0,0.00,1.00,1.00,1,0,0.00,0.00,0,0
1520565520,s2,0.00,0.00,0.00,0,0,0.00,0.00,0.00,0,0,0.00,0.00,0,0
1520565520,s2-eth2,1146.00,48972.00,50118.00,48972,1146,17.00,18.00,35.00,18,17,0.00,0.00,0,0
1520565520,s2-eth1,53448.00,1146.00,54594.00,1146,53448,20.00,17.00,37.00,17,20,0.00,0.00,0,0
1520565520,lo,0.00,0.00,0.00,0,0,0.00,0.00,0.00,0,0,0.00,0.00,0,0
1520565520,total,54594.00,50290.00,104884.00,50290,54594,37.00,37.00,74.00,37,37,0.00,0.00,0,0
1520565521,eth0,0.00,60.00,60.00,60,0,0.00,1.00,1.00,1,0,0.00,0.00,0,0
1520565521,eth1,0.00,0.00,0.00,0,0,0.00,0.00,0.00,0,0,0.00,0.00,0,0
1520565521,s2,0.00,0.00,0.00,0,0,0.00,0.00,0.00,0,0,0.00,0.00,0,0
1520565521,s2-eth2,1798.00,62202.00,64000.00,62202,1798,23.00,21.00,44.00,21,23,0.00,0.00,0,0
1520565521,s2-eth1,53386.00,1386.00,54772.00,1386,53386,19.00,21.00,40.00,21,19,0.00,0.00,0,0
1520565521,lo,0.00,0.00,0.00,0,0,0.00,0.00,0.00,0,0,0.00,0.00,0,0
1520565521,total,55184.00,63648.00,118832.00,63648,55184,42.00,43.00,85.00,43,42,0.00,0.00,0,0
1520565522,eth0,0.00,60.00,60.00,60,0,0.00,1.00,1.00,1,0,0.00,0.00,0,0
1520565522,eth1,0.00,0.00,0.00,0,0,0.00,0.00,0.00,0,0,0.00,0.00,0,0
1520565522,s2,0.00,0.00,0.00,0,0,0.00,0.00,0.00,0,0,0.00,0.00,0,0
1520565522,s2-eth2,1386.00,65164.00,66550.00,65164,1386,21.00,22.00,43.00,22,21,0.00,0.00,0,0
1520565522,s2-eth1,74050.00,1386.00,75436.00,1386,74050,25.00,21.00,46.00,21,25,0.00,0.00,0,0
1520565522,lo,172.00,172.00,344.00,172,172,3.00,3.00,6.00,3,3,0.00,0.00,0,0
1520565522,total,75608.00,66782.00,142390.00,66782,75608,49.00,47.00,96.00,47,49,0.00,0.00,0,0
1520565523,eth0,0.00,59.94,59.94,60,0,0.00,1.00,1.00,1,0,0.00,0.00,0,0
1520565523,eth1,0.00,0.00,0.00,0,0,0.00,0.00,0.00,0,0,0.00,0.00,0,0
1520565523,s2,0.00,0.00,0.00,0,0,0.00,0.00,0.00,0,0,0.00,0.00,0,0
1520565523,s2-eth2,2043.96,94689.31,96733.27,94784,2046,30.97,31.97,62.94,32,31,0.00,0.00,0,0
1520565523,s2-eth1,79894.11,2043.96,81938.06,2046,79974,26.97,30.97,57.94,31,27,0.00,0.00,0,0
1520565523,lo,0.00,0.00,0.00,0,0,0.00,0.00,0.00,0,0,0.00,0.00,0,0
1520565523,total,81938.06,96793.21,178731.28,96890,82020,57.94,63.94,121.88,64,58,0.00,0.00,0,0
1520565524,eth0,0.00,0.00,0.00,0,0,0.00,0.00,0.00,0,0,0.00,0.00,0,0
1520565524,eth1,0.00,0.00,0.00,0,0,0.00,0.00,0.00,0,0,0.00,0.00,0,0
1520565524,s2,0.00,0.00,0.00,0,0,0.00,0.00,0.00,0,0,0.00,0.00,0,0
1520565524,s2-eth2,2376.00,115518.00,117894.00,115518,2376,36.00,39.00,75.00,39,36,0.00,0.00,0,0
1520565524,s2-eth1,124404.00,2376.00,126780.00,2376,124404,42.00,36.00,78.00,36,42,0.00,0.00,0,0
1520565524,lo,0.00,0.00,0.00,0,0,0.00,0.00,0.00,0,0,0.00,0.00,0,0
1520565524,total,126780.00,117894.00,244674.00,117894,126780,78.00,75.00,153.00,75,78,0.00,0.00,0,0
1520565525,eth0,0.00,0.00,0.00,0,0,0.00,0.00,0.00,0,0,0.00,0.00,0,0
1520565525,eth1,0.00,0.00,0.00,0,0,0.00,0.00,0.00,0,0,0.00,0.00,0,0
1520565525,s2,0.00,0.00,0.00,0,0,0.00,0.00,0.00,0,0,0.00,0.00,0,0
1520565525,s2-eth2,4417.58,227846.16,232263.75,228074,4422,66.93,76.92,143.86,77,67,0.00,0.00,0,0
1520565525,s2-eth1,204173.83,4417.58,208591.42,4422,204378,68.93,66.93,135.86,67,69,0.00,0.00,0,0
1520565525,lo,0.00,0.00,0.00,0,0,0.00,0.00,0.00,0,0,0.00,0.00,0,0
1520565525,total,208591.42,232263.75,440855.16,232496,208800,135.86,143.86,279.72,144,136,0.00,0.00,0,0
1520565526,eth0,0.00,60.00,60.00,60,0,0.00,1.00,1.00,1,0,0.00,0.00,0,0
1520565526,eth1,0.00,0.00,0.00,0,0,0.00,0.00,0.00,0,0,0.00,0.00,0,0
1520565526,s2,0.00,0.00,0.00,0,0,0.00,0.00,0.00,0,0,0.00,0.00,0,0
1520565526,s2-eth2,5832.00,246572.00,252404.00,246572,5832,84.00,94.00,178.00,94,84,0.00,0.00,0,0
1520565526,s2-eth1,244860.00,5898.00,250758.00,5898,244860,90.00,85.00,175.00,85,90,0.00,0.00,0,0
1520565526,lo,0.00,0.00,0.00,0,0,0.00,0.00,0.00,0,0,0.00,0.00,0,0
1520565526,total,250692.00,252530.00,503222.00,252530,250692,174.00,180.00,354.00,180,174,0.00,0.00,0,0
1520565527,eth0,0.00,59.88,59.88,60,0,0.00,1.00,1.00,1,0,0.00,0.00,0,0
1520565527,eth1,0.00,0.00,0.00,0,0,0.00,0.00,0.00,0,0,0.00,0.00,0,0
1520565527,s2,0.00,0.00,0.00,0,0,0.00,0.00,0.00,0,0,0.00,0.00,0,0
1520565527,s2-eth2,6863.14,230743.27,237606.41,230974,6870,96.90,98.90,195.80,99,97,0.00,0.00,0,0
1520565527,s2-eth1,239554.45,6797.20,246351.66,6804,239794,100.90,95.90,196.80,96,101,0.00,0.00,0,0
1520565527,lo,171.83,171.83,343.66,172,172,3.00,3.00,5.99,3,3,0.00,0.00,0,0
1520565527,total,246589.42,237772.23,484361.66,238010,246836,200.80,198.80,399.60,199,201,0.00,0.00,0,0
1520565528,eth0,0.00,59.94,59.94,60,0,0.00,1.00,1.00,1,0,0.00,0.00,0,0
1520565528,eth1,0.00,0.00,0.00,0,0,0.00,0.00,0.00,0,0,0.00,0.00,0,0
1520565528,s2,0.00,0.00,0.00,0,0,0.00,0.00,0.00,0,0,0.00,0.00,0,0
1520565528,s2-eth2,4503.50,147032.97,151536.47,147180,4508,63.94,57.94,121.88,58,64,0.00,0.00,0,0
1520565528,s2-eth1,145850.16,4503.50,150353.66,4508,145996,61.94,63.94,125.87,64,62,0.00,0.00,0,0
1520565528,lo,0.00,0.00,0.00,0,0,0.00,0.00,0.00,0,0,0.00,0.00,0,0
1520565528,total,150353.66,151596.41,301950.06,151748,150504,125.87,122.88,248.75,123,126,0.00,0.00,0,0
1520565529,eth0,0.00,59.94,59.94,60,0,0.00,1.00,1.00,1,0,0.00,0.00,0,0
1520565529,eth1,0.00,0.00,0.00,0,0,0.00,0.00,0.00,0,0,0.00,0.00,0,0
1520565529,s2,0.00,0.00,0.00,0,0,0.00,0.00,0.00,0,0,0.00,0.00,0,0
1520565529,s2-eth2,1528.47,26883.12,28411.59,26910,1530,18.98,10.99,29.97,11,19,0.00,0.00,0,0
1520565529,s2-eth1,36101.90,1186.81,37288.71,1188,36138,14.99,17.98,32.97,18,15,0.00,0.00,0,0
1520565529,lo,0.00,0.00,0.00,0,0,0.00,0.00,0.00,0,0,0.00,0.00,0,0
1520565529,total,37630.37,28129.87,65760.24,28158,37668,33.97,29.97,63.94,30,34,0.00,0.00,0,0
1520565530,eth0,0.00,60.00,60.00,60,0,0.00,1.00,1.00,1,0,0.00,0.00,0,0
1520565530,eth1,0.00,0.00,0.00,0,0,0.00,0.00,